accx,accy,accz,magx,magy,magz,gyrox,gyroy,gyroz,heart_rate,shoulder,activity
-1.7236591983960847,-3.4113568017410247,8.952510759629718,46.98999396687476,13.007071814704544,-72.58224299703512,0.03396246791686817,-0.019983299064329895,0.003514826571231693,90.0,2.0,6.0
-1.714388613812811,-3.3564461896347515,8.939674527444366,46.367913469133626,13.231770548987788,-73.11909156118257,0.02704792440739112,-0.02762568919627333,0.0009673630945761425,90.0,2.0,6.0
-1.7458386363857383,-3.3827264380210607,8.919515822771798,47.08475092785062,13.128559364410783,-71.46330895459612,-0.004473779437876177,-0.0007288622902243503,0.0059722958168774,90.0,2.0,6.0
-1.6980593194834854,-3.396988958095932,8.956598304156145,47.49945307628892,12.9218358460388,-71.48462318932974,-0.007749089537007416,0.004002141053843784,0.003788755800460445,90.0,2.0,6.0
-1.650280002581368,-3.411251478170764,8.99368078554039,47.914155224726045,12.715112327667407,-71.50593742406329,-0.011024399636129344,0.008733144397898471,0.001605215784049696,90.0,2.0,6.0
-1.6695609784354155,-3.4877910624196966,9.107334749019264,46.88682915499438,12.819491198578984,-71.0147762640905,-0.014106322716103556,-0.022880636522446447,-0.006780267613701701,90.0,2.0,6.0
-1.6581509983767555,-3.4842254502823824,9.11731826416265,46.864619060065664,12.956386378327396,-71.35637698735678,-0.030482874105782876,-0.0032287777158542183,-0.009327731388380478,90.0,2.0,6.0
-1.6467410183180635,-3.4806598381450575,9.127301779306064,46.84240896513688,13.093281558076196,-71.69797771062404,-0.046859425495508734,0.01642308109079387,-0.011875195163066487,90.0,2.0,6.0
-1.635331038259404,-3.477094226007744,9.137285294449448,46.82019887020815,13.230176737824605,-72.03957843389034,-0.06323597688518806,0.03607493989738611,-0.014422658937745265,90.0,2.0,6.0
-1.680389381823834,-3.51083061685713,9.136534355749907,47.61914455906565,12.977833691353148,-72.5347046043699,-0.02773191856286532,0.027925357605274096,-0.011503836271745086,90.0,2.0,6.0
-1.7231768335679962,-3.52723246088182,9.1215585147045,47.04148426548544,12.928742056602688,-72.38835626147412,-0.03137115197323078,0.017007658268247385,-0.018782303092476013,90.0,2.0,6.0
-1.7659642853120368,-3.543634304906463,9.106582673659133,46.46382397190686,12.879650421852366,-72.24200791857874,-0.0350103853835859,0.0060899589312517,-0.026060769913186246,90.0,2.0,6.0
-1.830926678433208,-3.671096127097016,9.080544279530686,48.091731461679856,12.64881343645665,-72.02586414503682,-0.004100612436108347,-0.0005935446216862928,-0.02791795091007229,90.0,2.0,6.0
-1.82736103083112,-3.6504155612629305,9.045601407006355,47.8788392345066,12.829093110987028,-71.81619611906596,0.0017221611396856828,-0.0038688547208175312,-0.02100340740057559,90.0,2.0,6.0
-1.8237953832290417,-3.6297349954289047,9.010658534482127,47.66594700733393,13.009372785516891,-71.60652809309569,0.0075449347154631615,-0.0071441648199394615,-0.014088863891098539,90.0,2.0,6.0
-1.746006618825491,-3.45690519199846,8.959704135795512,48.07293023937211,12.641311677182134,-72.67425305845332,0.022896418075075742,-0.02867162619275132,0.005005702779277296,90.0,2.0,6.0
-1.706071633187749,-3.4412164555596783,8.952573053379917,47.431477297476334,13.177911256040595,-72.23015119077667,0.00906733105608234,-0.03776970956965336,-0.012826540663292568,90.0,2.0,6.0
-1.6661366475501205,-3.425527719120941,8.945441970964342,46.7900243555824,13.714510834897528,-71.7860493231013,-0.004761755962871757,-0.046867792946529555,-0.03065878410581175,90.0,2.0,6.0
-1.626201661912492,-3.409838982682204,8.938310888548768,46.14857141368845,14.25111041375446,-71.34194745542592,-0.018590842981825853,-0.05596587632340573,-0.04849102754833093,90.0,2.0,6.0
-1.7137001662235676,-3.3439385140772915,8.90760000040979,47.271670590504144,13.667466824548413,-71.34675200347293,-0.05896477224976855,-0.02463359403242022,-0.02288787570687549,90.0,2.0,6.0
-1.6773308281879136,-3.336807289802642,8.980338743238299,47.072643757923196,13.698145542638528,-71.35020357225527,-0.06951854946765394,-0.0031621150933223287,-0.02106825915070437,90.0,2.0,6.0
-1.6409614901523635,-3.3296760655280138,9.053077486066602,46.8736169253428,13.728824260728558,-71.35365514103759,-0.08007232668550933,0.018309363845714546,-0.01924864259453843,90.0,2.0,6.0
-1.5589403768106436,-3.508554765568023,9.184602823084145,48.04770248322905,12.461328633058116,-71.11244586733748,-0.06813993557153057,-0.014103996578908925,-0.04611676269907206,90.0,2.0,6.0
-1.5810472293421196,-3.5884246653179326,9.215980439012855,47.67736595063557,12.223489849793493,-71.54558364657416,-0.060133622724377646,0.009551019843408516,-0.03301552230254711,90.0,2.0,6.0
-1.6031540818735324,-3.668294565067616,9.247358054941476,47.307029418043136,11.985651066529552,-71.97872142580961,-0.05212730987724748,0.033206036265658725,-0.019914281906059397,90.0,2.0,6.0
-1.775536587649169,-3.654784320149551,9.032465591186831,46.25800734819439,12.915011526829016,-70.33573577709342,-0.028359360019072834,0.034400292974391185,-0.010363567945509604,90.0,2.0,6.0
-1.7940778283413437,-3.661915615353727,9.01107177471569,46.43760943712296,13.025461727863778,-70.48897815532857,-0.01198280982143986,0.02675790343847248,-0.005632564601441471,90.0,2.0,6.0
-1.8126190690334651,-3.669046910557883,8.98967795824461,46.617211526051015,13.135911928898222,-70.64222053356329,0.0043937403761465585,0.0191155139025755,-0.0009015612573867824,90.0,2.0,6.0
-1.8311603097255873,-3.676178205762039,8.968284141773529,46.79681361497908,13.246362129932669,-70.79546291179803,0.02077029057373299,0.011473124366678522,0.003829442086667904,90.0,2.0,6.0
-1.7398631321406457,-3.7820934235172934,9.086926216954271,47.62628782500114,13.359191144152623,-71.24830934634387,0.005154546862563092,0.009408753302219514,-0.010681896519482252,90.0,2.0,6.0
-1.63859948506127,-3.8362908588962727,9.258076176518323,47.79481443632912,13.623473771258098,-71.00352535357676,0.0007874668297415928,0.015231526877996992,-0.0008559659240932396,90.0,2.0,6.0
-1.5373358379818944,-3.890488294275252,9.42922613608238,47.963341047657096,13.887756398363573,-70.75874136080965,-0.0035796132030799055,0.021054300453774474,0.008969964671295773,90.0,2.0,6.0
-1.6553346154652644,-3.6295209132766177,9.150760110592095,47.46141184638764,12.814012291885092,-70.96834375969361,0.027432063457931873,0.1431838019536978,0.09161932133606743,90.0,2.0,6.0
-1.5633415887319495,-3.7250796233747985,9.430304788326216,47.22631407569694,13.131184876418496,-71.10028100601615,0.07801740491143812,0.358262499158092,0.1785969939128926,90.0,2.0,6.0
-1.4713485619986348,-3.8206383334729774,9.709849466060335,46.99121630500623,13.448357460951899,-71.23221825233865,0.12860274636494434,0.5733411963624864,0.26557466648971784,90.0,2.0,6.0
-1.284266426521266,-3.692078122006553,10.092722824290448,46.84378121717125,13.754650943084982,-70.13997867098128,0.07239953956183112,0.9560629974295283,0.36747276659438266,90.0,2.0,6.0
-1.3463082623061216,-3.691365013750095,10.0535010177643,47.650973142219335,13.478100802704372,-70.52420787325144,0.05929829916534341,1.0288476596761664,0.4031372463268637,90.0,2.0,6.0
-1.4083500980909776,-3.690651905493636,10.014279211238152,48.45816506726743,13.201550662323767,-70.9084370755216,0.04619705876885569,1.101632321922804,0.43880172605934464,90.0,2.0,6.0
-1.4703919338758331,-3.689938797237177,9.975057404712004,49.26535699231552,12.925000521943156,-71.29266627779175,0.03309581837236797,1.174416984169442,0.4744662057918256,90.0,2.0,6.0
-1.9943158387735296,-3.677188803397217,9.30167011651586,52.291133880615234,11.471942901611328,-70.92637634277344,0.11450238609042852,1.4105719204950864,0.6232441052103229,90.0,2.0,6.0
-2.3594354676794476,-3.6023107354270096,8.959370502563537,52.291133880615234,11.471942901611328,-70.92637634277344,0.1381574048968645,1.482992660622584,0.7029433306359706,90.0,2.0,6.0
-2.724555096585365,-3.5274326674568015,8.617070888611211,52.291133880615234,11.471942901611328,-70.92637634277344,0.16181242370330057,1.5554134007500815,0.7826425560616183,90.0,2.0,6.0
-2.6742672117559807,-3.3113193209542424,8.422405446558276,52.77022475684765,10.52349571360264,-69.7929826860481,0.12977785827947302,1.8289295085315331,1.0170533849934211,90.0,2.0,6.0
-2.8939094503727247,-3.209342497147573,8.502275274782386,53.75150718177351,10.519698532950027,-69.56261887837009,0.07919251682596677,1.9002584489230088,0.9857559730748094,90.0,2.0,6.0
-3.1135516889894683,-3.1073656733409027,8.582145103006495,54.73278960669938,10.515901352297412,-69.33225507069207,0.028607175372460533,1.9715873893144849,0.9544585611561976,90.0,2.0,6.0
-3.3331939276068363,-3.0053888495339423,8.662014931230832,55.71407203162802,10.512104171644786,-69.10189126301341,-0.021978166081189465,2.042916329706163,0.9231611492374973,90.0,2.0,6.0
-4.005807239198797,-2.2700136431137423,8.919712956166713,59.420711362452,8.452745289340163,-65.69714619796535,0.08588151128442062,2.096964526106651,1.0216334118380619,90.0,2.0,6.0
-4.044315935754852,-2.4582784708418424,8.777801010823824,60.24181640395516,8.19736669971027,-65.15684605758499,0.006910149170539809,2.2694641637102535,1.032187179519174,90.0,2.0,6.0
-4.082824632311017,-2.646543298570477,8.635889065480532,61.06292144546065,7.941988110079648,-64.61654591720308,-0.07206121294356546,2.441963801314347,1.0427409472003164,90.0,2.0,6.0
-6.204240775338223,-2.994245868014881,6.833332077489997,63.97681977661364,7.871453648629266,-62.82294931476686,-0.044925328911616234,2.3374065592277478,1.215592535249955,90.0,2.0,6.0
-6.433866877785524,-2.999237767743652,6.728502890096904,64.99417199524065,7.581161461892471,-62.46410436695224,-0.008532997788297267,2.320666066645441,1.2487095410749676,90.0,2.0,6.0
-6.663492980232824,-3.0042296674724223,6.623673702703811,66.01152421386765,7.290869275155673,-62.10525941913762,0.02785933333502168,2.3039255740631353,1.28182654689998,90.0,2.0,6.0
-6.574146105948528,-3.0597090021663877,6.704274910475483,66.78126539054828,5.061674837800902,-58.01696239925952,0.15956194899061427,1.9892340975765523,1.2695127227209995,90.0,2.0,6.0
-7.0412425109774,-2.7758855310973094,6.3469995961447525,68.28551725211918,4.162444491122033,-56.28482510067711,0.1919511296508326,1.9724936049942468,1.2764272650383834,90.0,2.0,6.0
-7.508338916006272,-2.492062060028232,5.989724281814024,69.78976911369007,3.263214144443163,-54.5526878020947,0.22434031031105092,1.9557531124119407,1.2833418073557676,90.0,2.0,6.0
-7.975435321036472,-2.208238588958347,5.632448967482278,71.29402097526524,2.3639837977617377,-52.82055050350737,0.2567294909713613,1.9390126198295872,1.2902563496731716,90.0,2.0,6.0
-8.504611676312681,-1.1208423695847451,4.234711531711979,69.36066896307443,4.09943294965251,-54.80639054655253,0.33786907164762925,1.5581131553741976,1.110796764662142,90.0,2.0,6.0
-8.497480309582953,-1.1629167161270653,4.203334058834505,69.76788133490022,2.678630337349114,-52.31148377775597,0.39500503985589025,1.5031607246491498,1.1064296873115296,90.0,2.0,6.0
-8.4903489428532,-1.204991062669505,4.171956585956942,70.17509370672718,1.2578277250416807,-49.81657700895232,0.4521410080643137,1.448208293923946,1.1020626099609048,90.0,2.0,6.0
-8.672554808573933,-0.1481559459558625,3.7999848922835966,72.91616412673118,0.5658719699450481,-52.34133097588138,0.5374277230707901,1.4601889734957885,1.1305306229969712,90.0,2.0,6.0
-8.806622000651446,0.11284752923310908,3.7051393684494545,72.94950655493854,0.44591630626412687,-51.26010996758158,0.47010190691637127,1.4998566132281133,1.1723818192859958,90.0,2.0,6.0
-8.940689192729344,0.3738510044228225,3.6102938446150414,72.98284898314601,0.3259606425828648,-50.17888895927871,0.4027760907617613,1.5395242529605506,1.2142330155751393,90.0,2.0,6.0
-8.877481742254734,0.4506400450417311,3.341819364559792,71.60726984735247,-2.887027007762068,-48.05432054164737,0.3272829543057027,1.4612099112844972,1.136552388709496,90.0,2.0,6.0
-8.942376013151584,0.6688560637182904,3.337540644240524,72.42837488885561,-3.1424033085736034,-47.51402269008536,0.2945298562947156,1.5303553332662458,1.2118845010217447,90.0,2.0,6.0
-9.007270284048621,0.8870720823954701,3.3332619239212447,73.24947993036112,-3.3977796093858643,-46.97372483852182,0.2617767582836355,1.599500755248191,1.2872166133342071,90.0,2.0,6.0
-9.072164554945472,1.1052881010720292,3.328983203601977,74.07058497186429,-3.6531559101974,-46.43342698695981,0.2290236602726484,1.6686461772299397,1.3625487256464555,90.0,2.0,6.0
-9.27180387021698,1.1063942637249955,2.6162589129276017,72.85548140244185,-5.915861725877464,-42.80617572706505,0.1796191596863958,1.5967763515832687,1.2773294667484725,90.0,2.0,6.0
-9.321009192482698,1.0964105351969535,2.313894239312515,72.56847822861319,-6.538977913927984,-41.1050798408313,0.30080562590367094,1.496333503377508,1.2576776007892667,90.0,2.0,6.0
-9.37021451474828,1.0864268066689395,2.0115295656982886,72.28147505478533,-7.162094101976733,-39.40398395460239,0.42199209212060174,1.3958906551720331,1.2380257348301171,90.0,2.0,6.0
-9.371890909233466,1.961592799032256,1.2151816532130435,71.35786564968127,-6.031060028711151,-41.89182196844096,0.5221210942172809,1.4490689265648227,1.3017124045616175,90.0,2.0,6.0
-9.431080314674697,2.1334557636622264,1.036900593948069,71.69566464565264,-7.045411987938744,-40.6066173480808,0.5330387875938122,1.3839266765038467,1.2540384639030917,90.0,2.0,6.0
-9.490269720116094,2.305318728292685,0.8586195346825879,72.03346364162498,-8.05976394716922,-39.32141272771698,0.5439564809703744,1.3187844264426856,1.2063645232444302,90.0,2.0,6.0
-9.566919960092369,2.3900645835264767,0.9283795309437832,71.93373737137539,-11.687628821568804,-36.2255678009026,0.6967883132210021,1.0582172539021992,1.03453644281768,90.0,2.0,6.0
-9.432139381479208,2.9527196891167846,0.3478963995356197,71.36442859452045,-11.72401695175676,-35.524501440429596,0.678228207658809,1.0083597566869735,0.989409947456393,90.0,2.0,6.0
-9.297358802865666,3.5153747947086926,-0.23258673187419365,70.79511981766387,-11.760405081944816,-34.823435079954606,0.659668102096563,0.9585022594716063,0.9442834520949775,90.0,2.0,6.0
-9.162578224252508,4.0780299002990015,-0.813069863282357,70.22581104080892,-11.796793212132773,-34.122368719481614,0.6411079965343698,0.9086447622563805,0.8991569567336906,90.0,2.0,6.0
-8.930835115128264,4.044443312303124,-0.7324195036705806,71.2743640468922,-11.981722473536568,-34.75482927033716,0.7443494689294795,0.7350538946334775,0.6185926502040409,90.01705707796066,2.0,6.0
-8.845260135345994,4.570728979723575,-1.252287057382523,71.1502576301897,-12.519795479213876,-34.31640954682557,0.8153145205806176,0.614595272654485,0.47775431325918866,90.03834398515674,2.0,6.0
-8.759685155563966,5.0970146471425295,-1.7721546110929876,71.02615121348754,-13.057868484889656,-33.877989823315225,0.886279572231554,0.4941366506758348,0.3369159763147366,90.05963089235277,2.0,6.0
-9.012767166307613,4.9219752443669424,-1.640111325845084,70.85262703380195,-12.793975596315608,-30.895292265786615,0.4611554602343879,0.28728237948380886,-0.12272903650113652,90.08091779954881,2.0,6.0
-9.144695028475224,4.750112184369051,-2.0180671821690566,70.65916637858918,-12.754825982935097,-30.528932555092553,0.36435185229352696,0.23596918425513305,-0.0364792081623468,90.10220470674489,2.0,6.0
-9.276622890642463,4.578249124371649,-2.396023038491955,70.46570572337694,-12.715676369554703,-30.162572844399524,0.2675482443529411,0.18465598902660305,0.049770620176197794,90.12349161394093,2.0,6.0
-9.073362882660403,4.722044040154228,-2.5505126906266344,69.78477645767015,-14.031369408059492,-31.32436132659073,0.4020643029725238,0.22365036193002596,-0.1502407977654972,90.14477852113693,2.0,6.0
-9.20315142445411,4.8653820623861535,-2.4421178198686766,69.93944221389559,-13.617485817361624,-30.866464559928552,0.2976183114565055,0.11774867240070332,-0.09674406505375384,90.16606542833296,2.0,6.0
-9.332939966248183,5.008720084618486,-2.33372294911041,70.09410797012148,-13.203602226662584,-30.40856779326507,0.1931723199401904,0.011846982871079714,-0.04324733234185847,90.18735233552904,2.0,6.0
-9.46272850804189,5.152058106850411,-2.225328078352452,70.24877372634693,-12.789718635964716,-29.950671026602887,0.0887263284241721,-0.09405470665824295,0.010249400369884865,90.20863924272508,2.0,6.0
-9.414721628524129,4.8948950237356,-2.435821344582545,70.34644664270067,-13.292000888909755,-30.701112891359088,0.16862092762357817,-0.0221590758151136,-0.003480571409720072,90.22992614992108,2.0,6.0
-9.28635930667024,4.897034348430476,-2.090669176307952,70.36030748826649,-13.441601842965827,-30.914230223817995,0.055804698756782976,-0.08220642574503921,-0.04642352451954428,90.25121305711718,2.0,6.0
-9.15799698481672,4.899173673125346,-1.7455170080343403,70.37416833383227,-13.59120279702148,-31.127347556276295,-0.057011530109691566,-0.1422537756747942,-0.08936647762924643,90.2724999643132,2.0,6.0
-9.185994688308861,4.990001261238024,-1.7198175136364375,70.1672291359325,-12.991561699679655,-30.44474000366596,-0.2045454540346777,-0.2369851854838528,-0.30268991160054104,90.29378687150925,2.0,6.0
-8.98418051365637,4.664816668036712,-1.6677594415461883,69.72202222675196,-12.489875717928198,-30.18209561737395,-0.21582707787503153,-0.25008642230409905,-0.34090186524059907,90.31507377870531,2.0,6.0
-8.78236633900445,4.339632074836325,-1.6157013694560867,69.27681531757267,-11.988189736178164,-29.91945123108268,-0.22710870171535327,-0.2631876591243081,-0.3791138188805484,90.33636068590134,2.0,6.0
-8.848450991092614,3.6883024664489814,-1.3485486690320136,70.37140978970646,-13.680585887624703,-31.876568007717275,-0.341658079616831,-0.2290333555558293,-0.4374961475208717,90.35764759309738,2.0,6.0
-8.839893407998954,3.826648661670197,-1.3071874658382692,70.28819014706714,-12.953764598560799,-31.73550388837801,-0.2808828854486227,-0.30764080031916485,-0.5521319869833735,90.37893450029344,2.0,6.0
-8.831335824905318,3.9649948568910176,-1.265826262644642,70.20497050442806,-12.22694330949896,-31.594439769039152,-0.22010769128058716,-0.38624824508227695,-0.6667678264455495,90.40022140748947,2.0,6.0
-8.822778241811683,4.10334105211184,-1.2244650594510151,70.12175086178898,-11.50012202043712,-31.453375649700288,-0.1593324971125516,-0.46485568984538905,-0.7814036659077255,90.42150831468552,2.0,6.0
-9.006067089419266,3.955335855484009,-1.2364300261744705,70.79910548022667,-11.76268009458506,-31.84226082058565,0.02438520780465922,-0.6766491432325528,-0.9718861992287555,90.4427952218816,2.0,6.0
-9.237832378725699,3.955335855484009,-1.103075781942414,71.68603136828739,-11.05659549985914,-32.21045772762878,0.15030268064390015,-0.8265855713024847,-1.1341960174964303,90.46408212907761,2.0,6.0
-9.469597668032128,3.955335855484009,-0.9697215377103576,72.57295725634809,-10.35051090513322,-32.5786546346719,0.2762201534831411,-0.9765219993724169,-1.2965058357641048,90.48536903627364,2.0,6.0
-10.053104676863336,2.234767436307664,-0.6184083150980054,72.72968532810013,-9.531866622565811,-32.959506481132905,-0.042969769416417336,-0.8460327923827207,-1.1613455095991083,90.50665594346972,2.0,6.0
-10.15508142437606,2.34886731080402,-0.4080366682170932,73.41758892307021,-8.795102172493241,-33.33115267559058,0.1277102766649704,-1.020716000848138,-1.2355858603223075,90.52794285066577,2.0,6.0
-10.257058171888785,2.4629671853003767,-0.19766502133618105,74.1054925180403,-8.05833772242067,-33.70279887004825,0.29839032274635807,-1.1953992093135553,-1.3098262110455063,90.54922975786178,2.0,6.0
-10.35903491940151,2.577067059796733,0.01270662554473112,74.79339611301037,-7.321573272348096,-34.07444506450592,0.46907036882774583,-1.3700824177789728,-1.3840665617687056,90.57051666505781,2.0,6.0
-9.957237601522275,0.8220589487454949,0.9936487195132588,73.37177942207704,-8.580592477412788,-34.68114568441195,0.09124470445860564,-1.3760855875821227,-1.4225461895849665,90.5918035722539,2.0,6.0
-9.92799959445367,0.37136440681475247,1.6012305829160267,73.58948747566569,-7.209481790158173,-35.316650445153556,0.0755959996913927,-1.2727313624235252,-1.2300307782081883,90.61309047944992,2.0,6.0
-9.89876158738506,-0.07933013511599006,2.2088124463187944,73.80719552925439,-5.83837110290356,-35.95215520589517,0.05994729492417976,-1.1693771372649275,-1.0375153668314103,90.63437738664595,2.0,6.0
-10.219353726201112,0.29546145965081416,1.611789738470637,74.52156248388397,-3.109727025641795,-40.280352532726106,0.07103165925511822,-1.4851079067280788,-1.1044790429721267,90.65566429384205,2.0,6.0
-10.155172565274352,-0.09176502655488838,1.8007676857055723,73.91891126928489,-3.026158357276392,-40.660507142405926,0.20713898004051687,-1.3639214309744048,-0.9352546853673006,90.67695120103805,2.0,6.0
-10.090991404347593,-0.4789915127605908,1.989745632940508,73.31626005468584,-2.9425896889109895,-41.04066175208576,0.3432463008259156,-1.2427349552207307,-0.7660303277624737,90.6982381082341,2.0,6.0
-10.256378022737623,-0.3269063995980338,1.6428290783040387,74.10424049442439,-2.402680491392722,-42.06189126503783,0.1281643359358381,-1.249245803781308,-0.6883721576792916,90.71952501543016,2.0,6.0
-9.83349544674924,-0.47808873640514726,1.958029979335246,73.98767842357793,-1.5559023847040392,-43.002050414206884,0.16746805831739414,-1.3482329539734788,-0.7018373333079415,90.74081192262621,2.0,6.0
-9.410612870760854,-0.6292710732122607,2.2732308803664534,73.87111635273149,-0.7091242780153562,-43.94220956337596,0.20677178069895016,-1.4472201041656492,-0.7153025089365913,90.76209882982222,2.0,6.0
-8.987730294771268,-0.7804534100198038,2.588431781398557,73.75455428188471,0.1376538286757336,-44.882368712547695,0.24607550308061796,-1.5462072543581016,-0.7287676845652794,90.7833857370183,2.0,6.0
-9.549793183934527,0.9870442917314419,1.8505167417770432,75.01711133547249,-0.8809067511812022,-44.56584205451412,-0.07910194866648863,-1.610435642496422,-0.8404896640234039,90.80467264421432,2.0,6.0
-9.254694039952865,0.7254466583698633,2.4927497129678646,74.74050223894567,-0.28597949745859874,-45.19577842536315,-0.20750849239806127,-1.4554747431435355,-0.708081779425746,90.82595955141036,2.0,6.0
-8.959594895971197,0.46384902500828495,3.1349826841586874,74.46389314241881,0.3089477562640046,-45.82571479621218,-0.335915036129634,-1.3005138437906492,-0.5756738948280882,90.84724645860636,2.0,6.0
-8.808270225786174,0.25805864741866347,3.048330035249059,72.65959012254785,2.262079206533095,-49.63910216360157,-0.14514822036286829,-1.4879594557653604,-0.7743654739954113,90.86853336580246,2.0,6.0
-8.51802877452301,-0.08709348270797578,3.544664607086987,72.42443322404954,2.4084798393912386,-50.90867697744319,-0.2521416762496118,-1.2859819929969896,-0.6833846485712998,90.88982027299848,2.0,6.0
-8.227787323259847,-0.43224561283461505,4.040999178924913,72.18927632555123,2.5548804722493816,-52.17825179128481,-0.3591351321363553,-1.0840045302286188,-0.5924038231471881,90.91110718019453,2.0,6.0
-8.515907452148014,-0.3327737987355249,4.339311896675902,71.31133137742071,2.8729419527671034,-51.593039463627775,-0.3177408654254806,-1.1564086783841863,-0.5349108873112238,90.93239408739059,2.0,6.0
-8.288420670074245,-0.4803905189349757,4.292245756501079,71.05953055420927,3.1647063837665934,-52.83440146313837,-0.4280096394579731,-1.251756559701238,-0.6917618547183078,90.95368099458663,2.0,6.0
-8.06093388800048,-0.6280072391344264,4.245179616326256,70.80772973099783,3.4564708147660843,-54.07576346264896,-0.5382784134904656,-1.34710444101829,-0.8486128221253917,90.97496790178266,2.0,6.0
-7.833447105926064,-0.7756239593342966,4.1981134761513,70.55592890778567,3.748235245766404,-55.31712546216308,-0.6485471875232715,-1.4424523223356132,-1.0054637895329213,90.99625480897873,2.0,6.0
-7.997846923101777,-0.9273056295026617,4.41332290803483,69.88086639567898,5.25149386787026,-53.56531600889008,-0.2628126113725222,-1.1508864686505687,-0.7485380503990979,91.0163727831471,2.0,6.0
-7.644850516546922,-1.730283534775369,5.076528398146532,70.01604602023635,5.63573443793827,-54.401757582986,-0.3268631189179352,-1.1516143207864646,-0.7900253054954959,91.03624120827791,2.0,6.0
-7.291854109991066,-2.5332614400503584,5.739733888260119,70.15122564479411,6.019975008007372,-55.238199157084296,-0.39091362646353006,-1.1523421729223626,-0.8315125605920115,91.05610963340881,2.0,6.0
-6.906475296397268,-2.667992088152092,6.304941442774577,69.5494066280654,7.778844553361529,-57.51477945404034,-0.7034015576453732,-1.3853177744732568,-1.0509869215950125,91.07597805853965,2.0,6.0
-6.928582220454254,-2.412693588091289,6.350581363009216,68.5292702144921,8.064901853928896,-58.058531170653616,-0.7321515051932596,-1.282327490507286,-1.0058604453072115,91.09584648367048,2.0,6.0
-6.950689144511304,-2.1573950880297605,6.396221283243984,67.5091338009159,8.350959154497076,-58.60228288726844,-0.7609014527412277,-1.1793372065410224,-0.9607339690192829,91.11571490880137,2.0,6.0
-6.771870336566934,-3.5911301716919226,6.659772964605833,67.38185497259651,7.639699346864779,-59.87763385787338,-0.7574613536401807,-0.9923802445299085,-0.7715087244040323,91.13558333393216,2.0,6.0
-6.7312223148689725,-3.6923938855285,6.537828613409655,67.44494728540926,8.767698461853987,-59.83338647380208,-0.6744868434473852,-1.0968262455826698,-0.8664927217489165,91.15545175906301,2.0,6.0
-6.690574293170896,-3.7936575993653663,6.41588426221313,67.50803959822218,9.895697576846402,-59.78913908973064,-0.5915123332543537,-1.201272246635728,-0.9614767190940707,91.1753201841939,2.0,6.0
-6.649926271472936,-3.894921313201944,6.293939911016952,67.57113191103493,11.02369669183561,-59.74489170565933,-0.508537823061558,-1.3057182476884894,-1.0564607164389552,91.1951886093247,2.0,6.0
-5.924179424359823,-4.687996448713925,7.117348078200889,62.14757109572174,13.140662087560104,-62.03675273169823,-0.15299641056477256,-1.475787600570184,-1.0627780850420643,91.21505703445553,2.0,6.0
-5.538379215314764,-5.118010372358554,7.665027407118848,61.32368071486311,13.391805218815978,-62.76195506324054,-0.17119257612643204,-1.331673945479983,-0.9295821412097882,91.23492545958636,2.0,6.0
-5.152579006268608,-5.548024296004404,8.212706736038363,60.49979033400214,13.642948350072569,-63.4871573947849,-0.18938874168814324,-1.1875602903893725,-0.7963861973771331,91.25479388471724,2.0,6.0
-5.58109061874196,-4.438639006196293,7.418847156856708,60.93003496216382,13.9044690562783,-62.9156802572009,-0.26088839721875134,-1.3733825043389332,-1.0071856473097298,91.27466230984807,2.0,6.0
-5.256619145048407,-4.65257630783184,7.653465019557911,59.85718362854664,14.62238455310382,-63.55969568383605,-0.21430621338090308,-1.0447597626400131,-0.7244172261368914,91.29453073497888,2.0,6.0
-4.932147671353932,-4.8665136094679955,7.888082882259779,58.7843322949264,15.34030004993138,-64.20371111047304,-0.16772402954292243,-0.7161370209401594,-0.4416488049632492,91.31439916010976,2.0,6.0
-4.649342950816216,-5.556141802143307,8.417378079891073,58.538328882698174,14.957691804266448,-65.61016253989331,-0.07441933360300297,-0.6580394514339949,-0.3385093169958669,91.33426758524061,2.0,6.0
-4.702114094729437,-5.098316103291184,7.845452497005848,58.67078226709747,15.508469430303544,-65.49386422675255,-0.07296364035807021,-0.8108872469203061,-0.3960092025548966,91.35413601037143,2.0,6.0
-4.754885238642808,-4.64049040443776,7.273526914119001,58.80323565149713,16.05924705634221,-65.37756591361145,-0.07150794711313332,-0.9637350424070515,-0.45350908811408974,91.37400443550231,2.0,6.0
-4.807656382556029,-4.182664705585638,6.701601331233779,58.93568903589643,16.610024682379304,-65.26126760047069,-0.07005225386820056,-1.1165828378933629,-0.5110089736731195,91.39387286063312,2.0,6.0
-4.429388305620206,-4.43490627172869,7.207532397191411,57.43407411714374,16.139232850411567,-66.17180377602455,-0.1681613795017795,-0.6621510500501924,-0.29145037606649116,91.41374128576396,2.0,6.0
-3.976554328873725,-4.9034288776255925,7.737383738439994,56.0214456381371,16.495119042734032,-66.35263597130688,-0.2223859564519576,-0.9150777620868141,-0.4268298621507371,91.43360971089484,2.0,6.0
-3.523720352128532,-5.371951483521163,8.267235079687072,54.60881715913448,16.851005235055485,-66.5334681665887,-0.2766105334019815,-1.1680044741227167,-0.5622093482345984,91.45347813602567,2.0,6.0
-4.454158860440424,-3.559838724013465,6.7511116845309935,55.96212916921229,17.69081850296868,-66.48469800505876,-0.23507964322425,-1.0537511288898755,-0.4191621529645613,91.47334656115649,2.0,6.0
-3.9735130321937904,-4.3335785769180335,7.472793279378971,55.163229633080206,17.80930134064558,-66.68340196166258,-0.2587346644148718,-0.9518525922078392,-0.351108492571862,91.49321498628733,2.0,6.0
-3.4928672039457918,-5.107318429824804,8.194474874228998,54.36433009694585,17.927784178322806,-66.88210591826697,-0.2823896856055608,-0.8499540555255134,-0.2830548321789692,91.51308341141821,2.0,6.0
-3.0122213756991583,-5.881058282729374,8.916156469076974,53.56543056081376,18.046267015999703,-67.0808098748708,-0.3060447067961826,-0.7480555188434771,-0.21500117178626993,91.53295183654905,2.0,6.0
-2.432543294039328,-5.924706329551072,8.918459921443857,53.52132119126055,18.33959156634048,-66.77154282348853,-0.14991534181911764,-0.4089984342296392,-0.022130911417698376,91.55282026167984,2.0,6.0
-2.4510844632059285,-5.63446474477268,8.55048781450955,53.48246716685022,18.621851106898887,-67.08493073242468,-0.11352301069569525,-0.3030967447000156,0.026270892552732072,91.57268868681072,2.0,6.0
-2.469625632372477,-5.344223159995112,8.182515707576291,53.44361314244001,18.904110647456488,-67.39831864135994,-0.07713067957237629,-0.19719505517069297,0.07467269652302495,91.59255711194157,2.0,6.0
-2.458827987733547,-5.407011516175482,8.668463091857257,52.116655100868606,18.100705654615908,-66.75604183304311,-0.00990918987411415,-0.1423680701232893,0.04983275974812151,91.6124255370724,2.0,6.0
-2.5643703518542345,-4.973431918701499,8.265547976500034,51.945347689674435,17.832187016004546,-67.18572803604688,-0.033564206296431594,-0.27629185819422686,-0.03059429561092064,91.63229396220328,2.0,6.0
-2.6699127159746214,-4.539852321228748,7.862632861143955,51.77404027848073,17.563668377393956,-67.61541423904941,-0.05721922271868181,-0.41021564626478374,-0.11102135096973421,91.6521623873341,2.0,6.0
-2.7379938101417967,-5.228810436630504,7.664734134888554,54.00188147917251,17.884887246547386,-67.76236094997343,0.28767634871368836,-0.311383860545037,-0.028352856772188576,91.67203081246493,2.0,6.0
-2.6959195017463298,-4.991340134048258,7.755300865387997,53.236269830611455,17.712641343531917,-68.01748601482377,0.21343598845353512,-0.3747065190839777,-0.10623245252886984,91.6918992375958,2.0,6.0
-2.6538451933509823,-4.753869831466688,7.845867595887181,52.47065818205258,17.540395440516935,-68.2726110796734,0.13919562819359288,-0.43802917762273846,-0.18411204828532976,91.71176766272664,2.0,6.0
-2.611770884955635,-4.516399528885116,7.936434326386366,51.705046533493714,17.368149537501957,-68.52773614452302,0.06495526793365064,-0.5013518361614993,-0.2619916440417897,91.73163608785745,2.0,6.0
-2.509897036214749,-5.017948196332935,8.377915700688451,52.068667657504896,18.862467522522724,-67.94699759860443,-0.016544403716972963,-0.4601641772157104,-0.2174937415682274,91.75150451298833,2.0,6.0
-2.42860084976768,-5.05217810193822,8.394317474379612,51.25034116519607,19.12207985391287,-68.30239097018614,-0.009265936896262723,-0.4092149088746923,-0.1709115577303791,91.77137293811917,2.0,6.0
-2.3473046633206103,-5.086408007543505,8.410719248070777,50.43201467288725,19.381692185303013,-68.65778434176784,-0.001987470075552486,-0.3582656405336741,-0.12432937389253088,91.79124136325,2.0,6.0
-2.047470069750366,-5.315653201146732,8.588230323708974,49.72694120235777,18.668159034495478,-69.09911479810748,0.08750747687746228,-0.4145789697496736,-0.20169369824670785,91.81110978838088,2.0,6.0
-1.8748940046870464,-5.352022431893921,8.725863056100204,48.91140233822277,18.932006232981564,-69.26960138181704,0.16975415236872052,-0.2388040140003218,-0.09943123944553132,91.83097821351168,2.0,6.0
-1.702317939623727,-5.388391662641112,8.863495788491436,48.09586347408777,19.195853431467647,-69.4400879655266,0.2520008278599787,-0.06302905825096994,0.002831219355645176,91.85084663864252,2.0,6.0
-1.855949066551624,-5.359460097160348,8.628110872563212,48.13837976068975,18.83483713171943,-69.07687692383647,0.101959938648015,-0.2118269959240236,-0.03469086718447797,91.87071506377336,2.0,6.0
-1.8281372055133625,-5.1105797871012735,8.696570683773977,47.93656983942471,18.861282105665097,-69.26523072937883,0.14089973652635565,-0.0768114319589189,0.0107995502960787,91.89058348890424,2.0,6.0
-1.8003253444751794,-4.8616994770429045,8.765030494984547,47.73475991816025,18.887727079610688,-69.45358453492065,0.1798395344045856,0.058204132005802045,0.05628996777650608,91.91045191403505,2.0,6.0
-1.7725134834369967,-4.612819166984537,8.833490306195117,47.53294999689578,18.914172053556285,-69.64193834046247,0.2187793322828156,0.193219695970523,0.10178038525693343,91.93032033916589,2.0,6.0
-1.8018862983230128,-5.04220102304003,8.845569236692548,48.510216886881594,18.766779353526776,-69.49620946056737,0.029652413468138336,0.34080999579198057,0.1305990943165545,91.95018876429677,2.0,6.0
-1.9373799201490611,-5.034356690583448,8.709362438139204,48.91105818021617,18.709655091670754,-69.3044131959191,0.06604474697564308,0.3855725738024989,0.15643765060620385,91.9700571894276,2.0,6.0
-2.07287354197511,-5.026512358126867,8.573155639585861,49.31189947355077,18.652530829814722,-69.11261693127084,0.10243708048314781,0.4303351518130173,0.1822762068958532,91.98992561455843,2.0,6.0
-2.0257974632035207,-5.250165054838221,8.607147396992946,47.81582884071591,18.733674442693346,-69.51092121807612,0.1140607156392496,0.35721273192050074,0.1198829331982371,92.0,2.0,6.0
-2.184111080909676,-5.046924660246121,8.418169449758011,48.45176790474121,18.359377033636072,-69.18719223705835,0.12497841736043108,0.3535734979140992,0.1227943196881026,92.0,2.0,6.0
-2.342424698615831,-4.84368426565402,8.229191502523076,49.08770696876651,17.985079624578795,-68.86346325604059,0.13589611908161256,0.3499342639076976,0.12570570617796814,92.0,2.0,6.0
-2.5352724571519194,-4.746225666518704,8.087632707279981,49.57771067108652,18.650494075976187,-68.33923643712268,0.1697836013197688,0.3453656738905332,0.12447397395265045,92.0,2.0,6.0
-2.457541882544141,-4.89455544900453,8.573983606022214,49.96469110931859,18.742968498430937,-67.934316011708,0.12574887708427415,0.4148750322965368,0.15941061183103664,92.0,2.0,6.0
-2.3798113079363623,-5.042885231490359,9.060334504764448,50.35167154755066,18.835442920885686,-67.52939558629333,0.08171415284877957,0.48438439070254047,0.1943472497094228,92.0,2.0,6.0
-2.302080733328584,-5.191215013976185,9.546685403506682,50.73865198578273,18.927917343340436,-67.12447516087867,0.03767942861328494,0.5538937491085442,0.22928388758780904,92.0,2.0,6.0
-2.6538824439500894,-4.652380037537335,8.247795205054313,51.27730360810638,17.532979411426968,-68.05783316671517,-0.0768776519264535,1.065946854605124,0.49669217811277216,92.0,2.0,6.0
-2.849991605326865,-4.534001369706022,8.379009957251458,51.65593252961483,17.612749761883133,-68.20762852728022,-0.1423838527167992,1.2719274606840383,0.5665654681746594,92.0,2.0,6.0
-3.0461007667036393,-4.4156227018747085,8.510224709448606,52.034561451123274,17.6925201123393,-68.35742388784527,-0.20789005350714487,1.4779080667629523,0.6364387582365465,92.0,2.0,6.0
-3.8499737963420375,-4.980943866308383,8.633246415398148,54.275662957443,16.676091076785067,-67.55911870753009,-0.09746185932580992,1.5650079966261,0.6964940640135318,92.0,2.0,6.0
-4.085304835770534,-4.978804399456435,8.543392785332312,54.01835054518127,17.130159413271468,-68.03264303003944,-0.04542081985899935,1.6698179197980016,0.7805603501004914,92.0,2.0,6.0
-4.320635875199032,-4.976664932604487,8.453539155266476,53.76103813291954,17.584227749757872,-68.50616735254877,0.0066202196078112285,1.7746278429699032,0.8646266361874511,92.0,2.0,6.0
-3.914484362046936,-5.871954355189983,8.800308985363223,55.04549330028462,17.309997685149824,-67.09452594151519,-0.5506486098597708,2.343052736289591,1.2301520639819217,92.0,2.0,6.0
-4.1804797691511855,-5.63662323946754,8.592076544414928,56.502541945302816,16.68032227774073,-66.23049685826402,-0.4811392514537671,2.339413510925863,1.2370666062993059,92.0,2.0,6.0
-4.446475176255436,-5.4012921237450975,8.38384410346663,57.95959059032104,16.050646870331633,-65.36646777501285,-0.4116298930477634,2.335774285562135,1.2439811486166898,92.0,2.0,6.0
-4.7124705833604414,-5.165961008021986,8.175611662517742,59.416639235343375,15.42097146292075,-64.50243869175924,-0.3421205346415622,2.3321350601983966,1.2508956909340938,92.0,2.0,6.0
-5.209770352487554,-4.959508545186332,7.38663785324314,62.25344973606393,15.559233921029012,-62.538258481871296,-0.14286766304487675,2.0262741041028516,1.062674797411894,92.0,2.0,6.0
-5.457937562112572,-4.781227504994844,6.9487795768763485,63.91509249729288,14.90734839246515,-61.30096882427966,-0.11557341112610887,1.9654988956297008,1.0477539166173824,92.0,2.0,6.0
-5.706104771738295,-4.602946464802849,6.510921300508314,65.57673525852657,14.255462863899439,-60.063679166684494,-0.0882791592072634,1.904723687156378,1.0328330358228288,92.0,2.0,6.0
-7.624422725805144,-4.4326741089607085,5.21817273815777,64.17364141086358,14.140927917067994,-60.366037249125235,0.2682811511710542,1.5334935889275585,0.8719339481355389,92.0,2.0,6.0
-7.746367077001323,-4.230146891095902,4.81169194897357,64.79572076419554,13.916229182784752,-59.829188684977765,0.253724215145448,1.4854557023080344,0.9771077838898375,92.0,2.0,6.0
-7.868311428197846,-4.027619673230521,4.405211159788212,65.41780011752925,13.69153044850087,-59.29234012082879,0.23916727911980032,1.4374178156883737,1.0822816196444356,92.0,2.0,6.0
-7.694377100664094,-4.523666175138096,5.213365670440258,69.7752060525485,10.1271294845712,-54.923307189792446,0.2954014388540772,1.3919666751379736,0.9689710656240682,92.0,2.0,6.0
-7.979626791673357,-3.8255176003096305,4.6264643871766316,69.56510145354966,10.311641756452136,-54.52873237595002,0.2742938868025522,1.372314809178824,1.0927049866749807,92.0,2.0,6.0
-8.264876482682618,-3.127369025481164,4.039563103913005,69.35499685455083,10.496154028333072,-54.13415756210762,0.2531863347510272,1.3526629432196744,1.216438907725894,92.0,2.0,6.0
-8.550126173692691,-2.4292204506507127,3.4526618206477098,69.1448922555514,10.680666300214533,-53.73958274826408,0.2320787826994422,1.3330110772604689,1.3401728287771584,92.0,2.0,6.0
-8.291191328431594,-3.047156405274825,3.602499803664809,70.54664611816406,9.606536865234377,-51.90623474121094,0.14124546341535063,1.28475910475714,1.4970044547685533,92.0,2.0,6.0
-8.534366644288305,-2.1685872982199603,3.25092955982968,70.54664611816406,9.606536865234377,-51.90623474121094,0.10303351454377284,1.2549173789309036,1.500643680132281,92.0,2.0,6.0
-8.77754196014571,-1.290018191162598,2.899359315993552,70.54664611816406,9.606536865234377,-51.90623474121094,0.06482156567208644,1.2250756531045823,1.5042829054960198,92.0,2.0,6.0
-8.774852142972794,-1.6746859062552115,3.0449921089277208,73.75429697564824,4.703307361728304,-48.24818340349523,-0.15415913600026424,1.213340104693376,1.43879514217879,92.0,2.0,6.0
-8.881820936841715,-0.8931017387754537,2.6998399406541087,73.64683904222244,4.019868335850019,-47.83797878313428,-0.16762429851589225,1.1205396496000768,1.3569123601964423,92.0,2.0,6.0
-8.988789730710941,-0.1115175712934746,2.354687772379516,73.53938110879633,3.336429309969792,-47.42777416277216,-0.1810894610315585,1.0277391945065135,1.2750295782138623,92.0,2.0,6.0
-9.095758524579862,0.6700665961862833,2.0095356041059045,73.43192317537053,2.652990284091507,-47.0175695424112,-0.19455462354718653,0.9349387394132143,1.1931467962315148,92.0,2.0,6.0
-9.098431893085127,-0.33099915890840687,2.416580872101742,72.8445554997904,1.976997717064564,-46.9998496020486,-0.1549472865707565,0.9767457415276221,1.2846971604176451,92.0,2.0,6.0
-9.155481973384612,0.0020298633090336526,2.2354472966619388,73.01661553168158,0.7025957090054598,-45.77451535827183,-0.1352954277641084,0.8959547735861818,1.1482259175127187,92.0,2.0,6.0
-9.212532053683939,0.33505888552552765,2.0543137212226505,73.1886755635723,-0.5718062990500217,-44.54918111449852,-0.11564356895751617,0.815163805644971,1.0117546746081796,92.0,2.0,6.0
-9.156492996020178,0.49594499591760527,2.0354584397759314,74.17796574929567,0.33718517250880914,-43.78785165119584,-0.3150496590967384,0.8988897567477907,1.055504886797652,92.0,2.0,6.0
-9.237075929446009,0.4232063198465045,2.050434067436669,73.86040322640778,-0.16174049429981907,-42.983072216992475,-0.28156871684747076,0.9807725196566517,1.200710308245274,92.0,2.0,6.0
-9.317658862872067,0.3504676437751969,2.0654096950974496,73.54284070351898,-0.6606661611098654,-42.178292782786805,-0.24808777459810796,1.0626552825657456,1.3459157296933086,92.0,2.0,6.0
-9.586109427693923,0.2914646494919668,1.993282986798966,74.13388933996563,-3.1870665187677285,-40.5840697477698,-0.18825141120233263,1.0594143832911742,1.3285700289760212,92.0,2.0,6.0
-9.399270800832525,0.6252067912152961,1.4584398090040422,73.81075610021982,-3.6944619197682433,-40.14909931167401,-0.1034572713403492,1.0357593477954377,1.403538233474244,92.0,2.0,6.0
-9.21243217397059,0.9589489329395741,0.9235966312075986,73.48762286047312,-4.201857320770201,-39.714128875576975,-0.01866313147812479,1.0121043122996338,1.47850643797268,92.0,2.0,6.0
-9.025593547109187,1.2926910746629032,0.38875345341267487,73.16448962072732,-4.709252721770715,-39.27915843948118,0.06613100838385866,0.9884492768038973,1.5534746424709027,92.0,2.0,6.0
-9.288754367700829,1.1491062560984036,0.6441002696518139,73.04856954725756,-5.490302933663858,-38.59269759729696,-0.13964579203341979,1.0853312739510754,1.5922616946540946,92.0,2.0,6.0
-9.124022674432688,1.2539355483959695,0.4444254725933224,72.95218937071319,-6.327574433299265,-38.58051933482479,-0.03519980051710464,1.0150940760749632,1.6173723995529774,92.0,2.0,6.0
-8.959290981165015,1.3587648406932376,0.24475067553539853,72.85580919416908,-7.164845932932293,-38.56834107235264,0.06924619099891366,0.9448568781990505,1.6424831044517887,92.0,2.0,6.0
-8.954358063595658,2.317292545029384,-0.18347178050629087,71.19962837074138,-9.565876455284588,-37.4235972336731,0.3134732347193765,0.47502673529664496,1.1027358252514112,92.0,2.0,6.0
-9.00142434205339,3.697901065539865,-0.6862243897601923,71.49300718162452,-10.306438055017466,-36.82158952035405,0.3364003997508539,0.30507453345305485,0.713337822626147,92.0,2.0,6.0
-9.04849062051099,5.0785095860464216,-1.1889769990126646,71.78638599250682,-11.04699965474824,-36.21958180703674,0.3593275647822661,0.1351223316099477,0.32393982000198934,92.0,2.0,6.0
-9.293131171852371,4.4211865432319675,-0.28888991129564395,71.48835500646473,-12.548091161109454,-37.061860963519365,0.3712812318644805,0.11546070080979665,0.44611949737851325,92.0,2.0,6.0
-9.171187106758142,4.889709149128868,-0.6989363361621591,71.67908716131129,-12.420701434470415,-36.47548534553728,0.2886706342538472,-0.008637151897352369,0.2223066502406296,92.0,2.0,6.0
-9.049243041664258,5.358231755024438,-1.1089827610275087,71.86981931615729,-12.293311707831736,-35.88910972755686,0.20606003664344869,-0.13273500460414867,-0.0015061968966180728,92.0,2.0,6.0
-8.927298976570375,5.826754360920008,-1.5190291858928586,72.06055147100332,-12.165921981193058,-35.302734109576434,0.12344943903305015,-0.256832857310945,-0.22531904403386568,92.0,2.0,6.0
-9.137457056740583,5.188453805599421,-1.3251029614055427,70.78050231933594,-11.906963348388672,-33.97148895263672,0.2218898518945528,-0.11014627012661327,-0.2179675980605316,92.0,2.0,6.0
-9.252270041207032,4.720644357357657,-0.8615721920578199,70.78050231933594,-11.906963348388672,-33.97148895263672,0.08214330038100803,-0.11196588712981406,-0.15209747991941716,92.0,2.0,6.0
-9.36708302567348,4.252834909115896,-0.39804142271009696,70.78050231933594,-11.906963348388672,-33.97148895263672,-0.05760325113253678,-0.11378550413301484,-0.08622736177830276,92.0,2.0,6.0
-9.023810821592642,4.235359842827391,-0.39441415494319954,70.28728222234378,-12.680277024870547,-34.93261793478841,-0.05982165431429858,-0.13075086411960352,-0.1082074929638071,92.0,2.0,6.0
-9.067311559736646,4.208974270870705,-0.23966618245449717,70.44745502813022,-12.428696767454287,-35.24255653723652,-0.07874566769057112,-0.1336622506094773,-0.1802643157407408,92.0,2.0,6.0
-9.110812297880528,4.1825886989140955,-0.08491820996623456,70.6076278339162,-12.177116510038749,-35.55249513968375,-0.09766968106678989,-0.13657363709934284,-0.25232113851746973,92.0,2.0,6.0
-9.203812160902608,3.719079634466728,-0.04130471907682988,70.02019276544291,-11.356458815501528,-35.16765566540695,-0.2082185174267236,-0.07989077438335372,-0.18165046981564345,92.0,2.0,6.0
-9.239468424730953,3.6506197517303898,0.0021958617109128845,69.8322391407172,-11.479612521098687,-35.5691290540796,-0.2020318229238811,-0.09808694232925072,-0.24242566875222327,92.0,2.0,6.0
-9.2751246885592,3.5821598689942458,0.04569644249853201,69.64428551599204,-11.602766226695502,-35.97060244275111,-0.19584512842105625,-0.11628311027509598,-0.3032008676886304,92.0,2.0,6.0
-9.310780952387443,3.513699986258102,0.08919702328615113,69.45633189126687,-11.725919932292312,-36.37207583142263,-0.18965843391823137,-0.13447927822094125,-0.3639760666250376,92.0,2.0,6.0
-9.22933043694212,3.4237728618474494,0.059962112323571015,70.23926865263047,-11.858282402068344,-35.35825247756409,-0.1549553514579962,-0.16210529154225037,-0.44490002028058895,92.0,2.0,6.0
-9.287806451079335,3.293984253296543,0.08278208913019088,70.43551239652678,-11.893195999175248,-35.53970995894821,-0.1531357344547954,-0.24253234690106396,-0.5180486189514819,92.0,2.0,6.0
-9.346282465216554,3.1641956447456354,0.10560206593681076,70.63175614042308,-11.928109596282148,-35.721167440332316,-0.15131611745159462,-0.3229594022598775,-0.5911972176223749,92.0,2.0,6.0
-9.642789768463087,3.2954110809652595,-0.20413632211855431,71.44077629992903,-11.511326527619307,-35.307398546849406,0.2138060339958576,-0.26416271265369023,-0.5288748372674159,92.0,2.0,6.0
-9.685577115302952,3.203418054231945,-0.1998575794475453,71.61480996081755,-11.409346079850234,-35.83045221201007,0.32516656484902784,-0.4111877256235272,-0.7101086629508448,92.0,2.0,6.0
-9.72836446214282,3.11142502749863,-0.19557883677653637,71.78884362170606,-11.30736563208116,-36.353505877170726,0.436527095702198,-0.5582127385933642,-0.8913424886342739,92.0,2.0,6.0
-9.303336087923086,3.088798722860399,-0.0995848415832132,71.84558029226415,-10.228593198254991,-36.67103077212432,-0.04448816703784461,-0.3936299124091695,-0.7239714884848112,92.0,2.0,6.0
-9.304762304436004,3.0773887785644933,0.09438496127360697,71.8289363627826,-10.083229400113233,-36.642817948256464,0.02065411163354594,-0.5330125513407132,-0.8851895213220367,92.0,2.0,6.0
-9.306188520948922,3.0659788342686207,0.2883547641298759,71.81229243330111,-9.937865601971886,-36.614605124388696,0.08579639030475132,-0.672395190271861,-1.0464075541588043,92.0,2.0,6.0
-9.30761473746184,3.054568889972748,0.4823245669861448,71.79564850381962,-9.792501803830538,-36.58639230052092,0.15093866897595673,-0.8117778292030087,-1.2076255869955717,92.0,2.0,6.0
-9.665778435744887,2.015901063981082,1.245858359652089,70.60600305033348,-9.648525954066344,-36.372273720138026,0.15285784974123942,-0.7899294985062234,-1.2529684459867807,92.0,2.0,6.0
-9.738516897239265,1.5844609394697555,1.46478751690897,71.62810853434135,-8.558201933681593,-37.57690995060568,0.1441236908676893,-0.8295971382385483,-1.206022320956306,92.0,2.0,6.0
-9.811255358733645,1.1530208149584291,1.6837166741658507,72.6502140183492,-7.467877913296845,-38.78154618107334,0.13538953199413922,-0.869264777970873,-1.159076195925831,92.0,2.0,6.0
-9.798182410769646,0.8034112274012605,1.1381846056318279,73.67414725720529,-8.186340025031823,-37.878516824374216,0.4275115389857479,-0.7143890034281246,-1.2391105021238475,92.0,2.0,6.0
-9.654131421618777,0.69644258612023,1.368523713145046,73.88350606381523,-6.827935026253762,-39.068737390169034,0.3627331824336828,-0.7336769258104617,-1.20744916570191,92.0,2.0,6.0
-9.510080432467904,0.5894739448391993,1.5988628206582645,74.09286487042513,-5.469530027475701,-40.25895795596385,0.2979548258816177,-0.7529648481927991,-1.1757878292799724,92.0,2.0,6.0
-9.366029443316627,0.4825053035578647,1.8292019281721368,74.30222367703564,-4.1111250286937775,-41.44917852176205,0.23317646932936847,-0.772252770575191,-1.1441264928579447,92.0,2.0,6.0
-9.430574974643132,0.3860026404611094,1.9202516674268375,73.6825908379884,-4.1351460709763295,-40.40089647837458,-0.022863294502200503,-0.8254584567393681,-1.2432138308001297,92.0,2.0,6.0
-9.304351973163143,-0.13243871238265736,2.266830036567147,73.50218155911894,-2.873449827691344,-42.18094652720109,-0.0643505543669699,-0.7836072604503437,-1.1926285131884813,92.0,2.0,6.0
-9.178128971682797,-0.6508800652278977,2.6134084057084426,73.32177228024895,-1.611753584402773,-43.960996576032656,-0.1058378142318572,-0.7417560641612003,-1.1420431955766892,92.0,2.0,6.0
-9.527498432626924,-0.623512474381814,2.558895637992232,73.47946871913567,-0.8633662902507837,-43.47506866352056,0.29802262921408845,-0.7115397760237817,-1.0033215868598573,92.0,2.0,6.0
-9.553872012129005,-0.5116028464674871,2.521117229464892,73.82465052760702,-0.4930344878829565,-43.56839366809812,0.22781735081754587,-0.7249988135661126,-0.9985927516347561,92.0,2.0,6.0
-9.580245591631165,-0.39969321855284207,2.483338820937445,74.16983233607938,-0.1227026855140767,-43.66171867267593,0.15761207242080377,-0.7384578511084817,-0.9938639164096416,92.0,2.0,6.0
-9.339031549148372,-1.1536539968195776,2.853448970844444,74.72657387105453,1.672516951159554,-45.49648135302725,0.038925412441386725,-0.6985546629717746,-0.8841454275100771,92.0,2.0,6.0
-9.309793542079763,-1.5651266988455703,2.915490735103725,74.03235832540086,2.470203413561172,-46.2902944481193,0.07240635945902597,-0.7134755258848927,-0.8113607652634394,92.0,2.0,6.0
-9.280555535011159,-1.976599400871564,2.9775324993630075,73.33814277974719,3.2678898759627906,-47.08410754321135,0.10588730647666518,-0.7283963887980108,-0.7385761030168014,92.0,2.0,6.0
-9.251317527942467,-2.388072102898726,3.039574263622466,72.64392723409155,4.065576338366675,-47.87792063830567,0.13936825349439955,-0.7433172517111714,-0.6657914407699567,92.0,2.0,6.0
-9.449161592011341,-1.2023517513461779,3.188389465354707,74.50059817852201,4.2612705748076,-46.817738372036565,-0.1950250663377306,-0.8170611928152458,-0.8589594178540982,92.0,2.0,6.0
-9.299405456070925,-1.0112344455907365,3.240447575591781,73.64063907207749,4.7989069883813285,-47.6714264213522,-0.28054705043799466,-0.9058584950612589,-0.9059055238110869,92.0,2.0,6.0
-9.149649320130083,-0.820117139834752,3.292505685829004,72.78067996563051,5.336543401956586,-48.525114470670246,-0.3660690345385017,-0.9946557973075242,-0.9528516297682088,92.0,2.0,6.0
-9.253963618883551,-1.9432581859921796,3.341522262006084,72.29893448864162,6.209821625279976,-49.6128109827696,0.11661375174357227,-0.8349796080256766,-0.702031313803568,92.0,2.0,6.0
-8.93662335933184,-2.1564823490474057,3.613935782818825,72.2600804642314,6.49208288245135,-49.92619889170486,-0.06316438546329545,-0.954346473183649,-0.7922843045261421,92.0,2.0,6.0
-8.619283099779224,-2.369706512103237,3.8863493036323393,72.2212264398211,6.774344139623526,-50.23958680064101,-0.24294252267067415,-1.0737133383419608,-0.8825372952489728,92.0,2.0,6.0
-8.985323448944056,-2.4204818353805635,3.6101931907241425,73.46027916053997,6.563898179949719,-49.59320796023964,-0.012661033956290008,-1.1591108685180849,-0.95987590818218,92.0,2.0,6.0
-8.46830833511396,-2.63513223744946,4.073723921924892,72.70499496559437,7.780738771379276,-51.04200282107816,-0.10109440454641952,-1.193683579508959,-1.0264738991718043,92.0,2.0,6.0
-7.951293221282395,-2.849782639518967,4.53725465312696,71.94971077064662,8.99757936281229,-52.49079768192081,-0.1895277751368004,-1.2282562904999317,-1.0930718901616183,92.0,2.0,6.0
-7.434278107452298,-3.064433041587863,5.0007853843277115,71.19442657570102,10.214419954241848,-53.939592542759335,-0.2779611457269299,-1.262829001490806,-1.1596698811512427,92.0,2.0,6.0
-7.95405388500185,-2.5013334185487106,4.332529045635074,69.31746767479244,10.10299286835705,-53.550985000137665,-0.42390702656062584,-1.1922392312693748,-1.009085147934771,92.01647464763134,2.0,6.0
-7.550425688285909,-2.724541330993576,4.608508183055477,68.58439356285463,11.182938318185167,-54.65818142652826,-0.4683056681468892,-1.2104353932547556,-1.0891482621009583,92.03634307276216,2.0,6.0
-7.146797491568819,-2.947749243439076,4.884487320476665,67.85131945091473,12.262883768016358,-55.765377852922,-0.5127043097332787,-1.228631555240188,-1.1692113762673728,92.05621149789305,2.0,6.0
-6.436290424854412,-3.917758732760176,5.371729361753782,68.41803602808022,12.091209153545368,-55.389876397443594,-0.47775677502794567,-1.336538066819468,-1.2947322239991976,92.07607992302387,2.0,6.0
-6.324329870731589,-3.97480859848278,5.522911717634382,67.33410696619156,12.962958268534813,-55.63586776096876,-0.48612702131909863,-1.28376919265112,-1.2310456385729247,92.0959483481547,2.0,6.0
-6.212369316608448,-4.031858464205547,5.674094073515411,66.25017790429982,13.83470738352673,-55.881859124494625,-0.49449726761027546,-1.231000318482622,-1.1673590531464713,92.11581677328559,2.0,6.0
-5.596386594808425,-6.380502323701188,7.166812372398525,64.53710659807592,15.283990646825888,-57.32067410491311,-0.4243021951626376,-1.3834461715499315,-1.3753458021880722,92.1356851984164,2.0,6.0
-5.65343667510775,-6.411166545941609,7.18963226099027,64.40946676081101,16.28460115097537,-57.86281144164358,-0.38790986403931865,-1.1352504661363387,-1.0896659849886248,92.15555362354723,2.0,6.0
-5.710486755407238,-6.4418307681821165,7.21245214958208,64.28182692354576,17.285211655127696,-58.404948778375584,-0.3515175329158962,-0.8870547607220409,-0.803986167788366,92.17542204867812,2.0,6.0
-5.767536835706563,-6.472494990422537,7.235272038173826,64.15418708628086,18.28582215927717,-58.947086115106046,-0.3151252017925773,-0.6388590553084483,-0.5183063505889187,92.19529047380892,2.0,6.0
-5.647915740618007,-6.321211906765569,6.641236182220689,61.29561000367647,18.768265241408148,-60.67762105807076,-0.3686502161068416,-0.6592179702367922,-0.5519811214609353,92.21515889893976,2.0,6.0
-5.605128250726872,-5.809188667628838,5.940235053068944,61.04108521958784,19.226568464065284,-60.966243151272,-0.33007434511601386,-0.6173667739476488,-0.5072185529870327,92.23502732407064,2.0,6.0
-5.562340760835859,-5.297165428493561,5.239233923919192,60.786560435499936,19.68487168672112,-61.25486524447243,-0.29149847412529567,-0.5755155776586244,-0.46245598451325753,92.25489574920147,2.0,6.0
-5.58155235852022,-5.710736567816214,5.792543579719845,61.64069350722553,20.73097934304006,-60.06359177087171,0.2635697749502471,-1.3944168846610263,-0.9017834201021699,92.2747641743323,2.0,6.0
-5.456042467009968,-5.637997824987705,5.4801952139355485,61.05746703627713,20.67341908989664,-60.28705242608454,0.12527891191287047,-1.5050495903497167,-0.9152485778494643,92.29463259946318,2.0,6.0
-5.330532575500072,-5.565259082159401,5.167846848152142,60.4742405653304,20.615858836753382,-60.510513081296736,-0.01301195112411313,-1.6156822960380923,-0.928713735596721,92.31450102459402,2.0,6.0
-3.119598988014601,-6.420770972690766,7.718037672608929,56.526158780890086,20.548886698302205,-64.00261350027861,0.5567654345030162,-1.660516473090066,-1.0031406925758524,92.33436944972483,2.0,6.0
-2.7402168926769543,-6.803718627415626,8.429022474856398,55.27370768530661,21.15635202270523,-64.49338658682741,0.2980159304131607,-1.4694567311158195,-0.8743118237096367,92.35423787485571,2.0,6.0
-2.3608347973403854,-7.1866662821394005,9.140007277101843,54.0212565897267,21.76381734710653,-64.98415967337482,0.03926642632404054,-1.2783969891421163,-0.745482954843787,92.37410629998656,2.0,6.0
-1.981452702003816,-7.569613936863173,9.850992079347293,52.76880549414678,22.37128267150784,-65.47493275992223,-0.2194830777650796,-1.0873372471684133,-0.6166540859779375,92.39397472511736,2.0,6.0
-2.690879624412318,-6.901045503128528,8.468162956311286,53.438898125363,22.6174459552852,-64.58291006505614,-0.04173112576469695,-1.154808163620367,-0.6169842278499865,92.4138431502482,2.0,6.0
-2.668772771880842,-6.794789962280545,8.224274406506126,53.00198589391684,22.961064653405984,-64.90319200933166,-0.05956336920726681,-0.7599513292079829,-0.3440417420401329,92.43371157537908,2.0,6.0
-2.6466659193494286,-6.6885344214328635,7.980385856701659,52.56507366247192,23.30468335152579,-65.22347395360627,-0.077395612649786,-0.36509449479672096,-0.07109925623105495,92.45358000050992,2.0,6.0
-2.222233053630444,-7.593011930464699,9.004837820772263,51.156813889535,23.6062454910596,-65.4732939625166,0.13791256445506456,0.25990015811522393,0.35835769907615334,92.47344842564074,2.0,6.0
-2.5146140350763213,-6.991848180768712,8.207564795258026,51.787186776193934,23.22347888186696,-65.51937399868001,0.23071301001188452,0.1627326280552217,0.28848442331918234,92.49331685077162,2.0,6.0
-2.806995016521368,-6.390684431074435,7.410291769746056,52.41755966285108,22.84071227267541,-65.56545403484331,0.3235134555684408,0.06556509799549562,0.21861114756241,92.51318527590243,2.0,6.0
-3.0993759979664146,-5.789520681380157,6.613018744234086,53.04793254950822,22.457945663483866,-65.6115340710066,0.41631390112499694,-0.03160243206423047,0.1487378718056376,92.53305370103327,2.0,6.0
-2.959206943255139,-6.057869277921625,6.8803204500881545,50.82557007588941,22.371382599298023,-65.84391403643109,0.09194574296201392,-0.0030868156772878015,0.14313930244298853,92.55292212616416,2.0,6.0
-2.9706169590765854,-5.967302404371293,6.764794212600465,51.26242546834507,21.85699310344888,-66.66127647844694,-0.061265984180180755,-0.15484283526943493,0.012126910399040292,92.57279055129497,2.0,6.0
-2.982026974898032,-5.876735530820961,6.649267975112779,51.69928086080073,21.34260360759974,-67.4786389204628,-0.21447771132237536,-0.30659885486158206,-0.11888548164490792,92.59265897642581,2.0,6.0
-2.320541161851508,-5.434810623564232,7.813235954880582,52.51117712725879,21.488333633496413,-65.83088378489927,0.33153877481140115,-0.3184018090267159,-0.13138896660330293,92.61252740155668,2.0,6.0
-2.2855980771347433,-5.299317078032129,7.973688721298893,52.52782105674028,21.34296926315048,-65.85909660876705,0.226001016937962,-0.20558557062349817,-0.10737002567772665,92.63239582668751,2.0,6.0
-2.2506549924179775,-5.163823532500025,8.134141487717205,52.54446498622177,21.19760489280454,-65.88730943263482,0.12046325906452282,-0.09276933222028044,-0.08335108475215033,92.65226425181832,2.0,6.0
-2.407690906036928,-6.252740822309644,7.937427156477667,50.66257551389714,21.384175918202953,-65.94057649236463,-0.1480120257489655,0.15306075562932575,-0.009007302052755527,92.67213267694915,2.0,6.0
-2.4269453258405846,-6.010278625959077,7.973796527891923,51.06063142973042,21.322817347150284,-65.93367790203831,-0.11343930998962132,0.1723486958931112,0.0026382450988325316,92.69200110208003,2.0,6.0
-2.4461997456441864,-5.7678164296092,8.010165899306074,51.45868734556258,21.261458776097786,-65.92677931171201,-0.07886659423037543,0.19163663615684184,0.014283792250387492,92.7118695272109,2.0,6.0
-2.465454165447788,-5.525354233259323,8.046535270720225,51.85674326139473,21.20010020504529,-65.91988072138571,-0.04429387847112952,0.21092457642057244,0.02592933940194245,92.73173795234169,2.0,6.0
-2.903985621286441,-5.484688094190913,7.419912375690178,50.748471776149735,22.904887798660805,-65.18494251149863,-0.03024466662336261,0.2263947199249064,0.02613248970517861,92.75160637747257,2.0,6.0
-2.944633714509976,-5.511073809198671,7.417059800507267,51.193676396510654,22.403202389115364,-65.44758462804502,0.007239440394120387,0.23622065290448124,0.035958420300567624,92.7714748026034,2.0,6.0
-2.985281807733511,-5.5374595242064295,7.414207225324353,51.63888101687158,21.90151697956992,-65.71022674459142,0.04472354741160338,0.24604658588405603,0.04578435089595664,92.79134322773425,2.0,6.0
-2.933133147871813,-6.263233036185917,8.100419077268361,50.86964360070112,21.51078648212018,-66.00914019303121,-0.004285888554268764,0.21268327051585456,0.012321603591364841,92.81121165286513,2.0,6.0
-2.9195838069084608,-6.345955442573169,8.241617636075608,51.430657699821694,21.705241915011847,-66.12728026108529,0.03356213819816874,0.254170530380624,0.03415700464954201,92.83108007799595,2.0,6.0
-2.90603446594511,-6.428677848960424,8.382816194882853,51.991671798942285,21.89969734790352,-66.24542032913939,0.07141016495060623,0.2956577902453934,0.05599240570771917,92.85094850312676,2.0,6.0
-2.975311814780945,-6.248069105663824,8.270943269030138,53.21999380921754,21.48573079260851,-65.14174662843021,0.11063614822653092,0.47303964696893486,0.18800302787610815,92.87081692825763,2.0,6.0
-2.991713658805588,-6.295848494091513,8.449224309221627,53.42180826997176,21.45928581866292,-64.95339282288839,0.14338924862170377,0.5512831600761635,0.24623076244179007,92.89068535338848,2.0,6.0
-3.0081155028302318,-6.343627882519204,8.627505349413113,53.62362273072597,21.432840844717322,-64.76503901734657,0.17614234901687664,0.6295266731833922,0.304458497007472,92.9105537785193,2.0,6.0
-3.024517346854921,-6.391407270947031,8.80578638960511,53.82543719148076,21.406395870771657,-64.57668521180422,0.20889544941214253,0.7077701862908432,0.36268623157331936,92.93042220365018,2.0,6.0
-3.314830395922073,-5.8804604057726895,8.911271266845551,54.96004687842825,20.395763375947848,-64.69687417149704,0.027466663414348082,1.28307403199489,0.5372903041383456,92.950290628781,2.0,6.0
-3.6129162380543702,-5.4782584099234475,8.8977219258822,55.34146113929216,20.47976917047292,-64.66176730513736,-0.11919444650983496,1.6790226327635729,0.641736295654364,92.97015905391184,2.0,6.0
-3.911002080187515,-5.07605641407306,8.88417258491881,55.72287540015716,20.56377496499823,-64.62666043877758,-0.2658555564344348,2.0749712335333808,0.746182287170679,92.99002747904272,2.0,6.0
-3.292339490078851,-6.78959693524683,9.761850622928156,57.96442167714078,19.430015714208167,-63.6699432869406,-0.22525772821811532,2.1344170106521783,0.870165614133013,93.0,2.0,6.0
-4.012594922207102,-6.796728159521459,8.054631079472678,59.155863251236376,19.412477060596046,-62.69650532917782,-0.48873821985605925,2.278894540177804,0.8348650517513008,93.0,2.0,6.0
-4.732850354335353,-6.803859383796088,6.347411536017198,60.34730482533197,19.39493840698393,-61.723067371415034,-0.7522187114940032,2.4233720697034293,0.7995644893695885,93.0,2.0,6.0
-5.071921910650292,-6.079080176123886,6.692710214107261,64.07313956363149,19.973598572210264,-58.57859181302641,-1.5186317352679095,2.7265829874126593,1.010544538523782,93.0,2.0,6.0
-5.4684190267387995,-6.188901257285285,5.53530954882511,64.89151724917761,19.884758755163222,-57.08554722684613,-1.207477312508183,2.5286086870283175,1.143740472819315,93.0,2.0,6.0
-5.864916142827306,-6.298722338446685,4.377908883542959,65.70989493472374,19.795918938116188,-55.59250264066585,-0.8963228897484563,2.330634386643976,1.276936407114848,93.0,2.0,6.0
-6.261413258916939,-6.408543419608396,3.2205082182575198,66.5282726202722,19.707079121068897,-54.099458054481325,-0.5851684669878451,2.1326600862590723,1.4101323414107598,93.0,2.0,6.0
-6.2744643354581875,-6.506833362680403,3.4064701008073346,66.16553803669193,17.973156959910575,-56.22211492041725,0.1317407167156764,1.3437788614772093,1.2086637640305362,93.0,2.0,6.0
-6.810020709053892,-5.924210872751734,3.1226466297382567,67.09764352069986,16.862531654735804,-55.11146459082842,0.193607686777876,1.2560733351253603,1.1540752792664868,93.0,2.0,6.0
-7.345577082651118,-5.341588382821409,2.8388231586683723,68.02974900471045,15.751906349557876,-54.00081426123642,0.25547465684025134,1.168367808773262,1.099486794502282,93.0,2.0,6.0
-7.3048958688598145,-4.956303549548621,2.6199424359354047,68.00255242218908,17.31179481926803,-52.262722218550486,0.5399356233917734,0.8638010023863086,0.9966036121012544,93.0,2.0,6.0
-7.658605661950314,-4.681037665149457,2.8688228222877177,68.88466698517657,16.4664912456604,-52.20508465579877,0.5686855709396598,0.754623994711237,1.121429299509588,93.0,2.0,6.0
-8.012315455041817,-4.405771780749511,3.1177032086407377,69.76678154816655,15.621187672050368,-52.147447093046885,0.5974355184876279,0.6454469870358551,1.2462549869182766,93.0,2.0,6.0
-8.373069443224,-4.741748748623729,3.241801168413068,71.36975691269863,13.74868246018608,-51.02586055517007,0.501409591319707,0.5352361240039036,1.1296345645315793,93.0,2.0,6.0
-8.28678135347188,-4.386612830960477,3.329515468568628,71.2400843377018,13.202140292523003,-50.9572520947438,0.5272481476093563,0.5403310533414006,1.258827345979826,93.0,2.0,6.0
-8.200493263719762,-4.031476913297226,3.417229768724188,71.11041176270497,12.655598124859925,-50.888643634317525,0.5530867038990056,0.5454259826788975,1.3880201274280728,93.0,2.0,6.0
-8.114205173967397,-3.6763409956329647,3.504944068879997,70.98073918770777,12.109055957195295,-50.82003517389107,0.5789252601887285,0.5505209120164088,1.5172129088766864,93.0,2.0,6.0
-7.921150338347917,-2.407148292009708,3.2703132824002408,71.53233262187292,9.463680136786609,-50.122573244484414,0.38660213928596626,0.7340435550255088,1.832551229522548,93.0,2.0,6.0
-7.862674185927925,-1.5442679666931096,3.189730205923264,72.02473824626213,8.692437537300005,-49.51711620560557,0.23011510353476575,0.8545021770041592,2.011601465270676,93.0,2.0,6.0
-7.804198033507768,-0.6813876413740592,3.1091471294460566,72.51714387065273,7.92119493781121,-48.911659166725,0.07362806778312057,0.9749607989831517,2.1906517010193127,93.0,2.0,6.0
-7.693413285032783,-1.0816176550155643,3.299708704105194,72.2232273094666,7.715876001738019,-47.89482792770632,0.05746453844414328,0.9572500566349245,2.2132139867388694,93.0,2.0,6.0
-7.77328325630804,-0.5189626257192009,3.077213892093677,72.69696082997399,5.542845148468512,-46.65041912948968,-0.009133428703623296,0.9335950402126744,2.0410782521809203,93.0,2.0,6.0
-7.853153227583525,0.04369240357876136,2.8547190800815287,73.1706943504827,3.3698142951928274,-45.4060103312695,-0.07573139585157913,0.9099400237903568,1.8689425176224823,93.0,2.0,6.0
-8.130427178688246,0.8264273156464096,2.756702112050147,74.01704579777245,2.9493170765455563,-48.113942816424256,-0.05126661690891467,0.9836191957544244,1.9143081407887863,93.0,2.0,6.0
-8.56115422183971,0.914854744845548,2.5391991938069367,73.86041096157568,1.1590521839690595,-46.82345392482387,-0.16881386193444253,1.044758297736485,1.8757322602613251,93.0,2.0,6.0
-8.991881264992397,1.0032821740449376,2.321696275563108,73.70377612537848,-0.6312127086125257,-45.53296503321982,-0.2863611069603045,1.1058973997187203,1.8371563797337545,93.0,2.0,6.0
-9.422608308143861,1.0917096032440758,2.1041933573198977,73.54714128918172,-2.4214776011890224,-44.242476141619434,-0.4039083519858323,1.167036501700781,1.798580499206293,93.0,2.0,6.0
-8.854005507914257,1.024017673989206,2.688797006080807,73.35929848345705,-2.0836547555680687,-44.98237897017432,-0.027167705379027164,1.0506011871211731,1.612649498505484,93.0,2.0,6.0
-9.231248282878365,1.0896250882349383,2.3222511381601767,73.45365046175924,-2.793537644363385,-44.383820544269845,-0.08357581981242473,1.0382277718894444,1.6996271710825563,93.0,2.0,6.0
-9.6084910578414,1.155232502480484,1.955705270240588,73.54800244006115,-3.503420533156685,-43.78526211836706,-0.13998393424566202,1.0258543566577507,1.7866048436593815,93.0,2.0,6.0
-9.359309192709697,2.000124695408194,0.925847119257291,73.92985055526796,-6.590764692795619,-39.49254537147687,-0.01290998296316356,0.8979269811121712,1.6870920149931377,93.0,2.0,6.0
-9.146798111013728,2.782422058690956,0.4936937989439556,73.83346129020735,-7.428035048021846,-39.4803625611703,-0.007087209387369533,0.687215368410348,1.3591970793845936,93.0,2.0,6.0
-8.934287029318364,3.5647194219714944,0.06154047863184874,73.73707202514704,-8.265305403245694,-39.46817975086376,-0.0012644358115920515,0.4765037557091237,1.031302143776982,93.0,2.0,6.0
-8.721775947623001,4.347016785252033,-0.3706128416802583,73.64068276008669,-9.102575758469545,-39.45599694055723,0.0045583377641854285,0.2657921430078993,0.7034072081693699,93.0,2.0,6.0
-9.310166464954179,3.2458284500651375,0.08301841606624398,71.04026094816207,-8.68935635652928,-40.64524420687152,0.1569518797969114,0.602247253165501,1.2493388562060557,93.0,2.0,6.0
-9.284494000583404,4.16718503270852,-0.37908607612214906,70.62074755094447,-10.034023257166645,-40.198093213523485,0.16022719228022844,0.3722477109287283,0.8122669415323592,93.0,2.0,6.0
-9.2588215362127,5.088541615349284,-0.841190568309229,70.20123415372805,-11.378690157800188,-39.750942220176725,0.16350250476353614,0.14224816869260937,0.37519502685990513,93.0,2.0,6.0
-9.501317040106237,5.485823639391884,0.24362171949928313,71.1605657796827,-12.256088104729587,-38.85184528971293,0.1877340358687717,0.042696725392028574,-0.123775819911848,93.0,2.0,6.0
-9.427152077337537,4.911045387742824,0.05179129423646123,70.79857851314145,-12.481222248559368,-38.730260473733686,0.13532907428267188,0.03432648863759498,-0.20129149831775947,93.0,2.0,6.0
-9.352987114569054,4.336267136095398,-0.14003913102581547,70.43659124660127,-12.706356392388509,-38.6086756577548,0.08292411269672098,0.025956251883185167,-0.27880717672345073,93.0,2.0,6.0
-9.174848456530231,4.502576495469441,-0.051948769676803834,71.4930037106272,-12.967999749354936,-37.80901200223592,-0.06803272207004513,-0.13507157903182412,-0.38052067646444343,93.0,2.0,6.0
-9.188397797493623,4.191654273331388,-0.07976061402576505,71.44585500609831,-12.527672333887775,-37.53946675229643,-0.10842821557750844,-0.15399559240809663,-0.3313910234873588,93.0,2.0,6.0
-9.201947138456974,3.880732051194221,-0.10757245837464723,71.39870630156955,-12.087344918421868,-37.26992150235771,-0.14882370908485698,-0.17291960578431542,-0.28226137051041367,93.0,2.0,6.0
-9.215496479420324,3.5698098290570526,-0.1353843027235294,71.35155759704078,-11.64701750295596,-37.00037625241898,-0.18921920259220548,-0.19184361916053416,-0.23313171753346865,93.0,2.0,6.0
-9.441208897436546,3.486524542518973,0.5603313552365318,70.54488617455759,-11.972722631967516,-38.02173888367643,-0.010983935026808264,-0.09126995926402097,-0.3604182499098993,93.0,2.0,6.0
-9.511095209921223,3.475827634283433,0.7707030021174438,70.34029318368253,-11.950512537038792,-38.39500174683527,-0.07357874932728845,-0.02831121807602893,-0.373155564610968,93.0,2.0,6.0
-9.580981522405901,3.4651307260478927,0.981074648998356,70.13570019280748,-11.928302442110072,-38.76826460999411,-0.1361735636277686,0.03464752311196312,-0.3858928793120368,93.0,2.0,6.0
-9.525243816887778,3.511738653991912,0.9315044175370013,71.3200078258215,-11.67019146729224,-38.931571776850234,-0.14029797660019747,-0.06254727995189048,-0.28740408811646395,93.0,2.0,6.0
-9.40044703534762,3.3313182171324325,0.6854765282848168,71.21736116978494,-10.802241256719272,-38.947199335081606,-0.0886208640207519,-0.06072766294868452,-0.37474568281267767,93.0,2.0,6.0
-9.275650253807816,3.150897780273465,0.43944863903333153,71.11471451374865,-9.934291046148772,-38.96282689331295,-0.0369437514414532,-0.05890804594548374,-0.4620872775086432,93.0,2.0,6.0
-9.55328879356645,3.015337010337523,0.7178177596695723,70.78278710882088,-11.842551714179388,-38.926435924946006,0.08050738457445816,-0.13495501302760873,-0.6841749553064398,93.0,2.0,6.0
-9.474132075312207,2.988951366855264,0.45966676250720806,71.24393762151709,-10.775911165471271,-38.87529222148522,0.03610873821969705,-0.18262896322301336,-0.7009154300074,93.0,2.0,6.0
-9.394975357058188,2.9625657233730798,0.2015157653455777,71.70508813421198,-9.709270616766188,-38.824148518024565,-0.008289908134937851,-0.2303029134182825,-0.7176559047083124,93.0,2.0,6.0
-9.315818638804172,2.936180079890895,-0.05663523181605279,72.16623864690686,-8.642630068061104,-38.77300481456392,-0.05268855448957277,-0.2779768636135517,-0.734396379409225,93.0,2.0,6.0
-9.33116221571329,2.736230485849944,0.5531434271185375,72.55815850535681,-8.380318271767198,-39.034991778725754,0.0628043731467706,-0.43922028058099466,-1.189590987003875,93.0,2.0,6.0
-9.318325983527938,2.581482513361681,0.6479889604894229,72.9340020875098,-8.304781663071285,-39.36969163834458,-0.0012461343986423371,-0.5425745057395921,-1.382470358646766,93.0,2.0,6.0
-9.305489751342584,2.4267345408734182,0.7428344938603083,73.30984566966275,-8.229245054375369,-39.70439149796342,-0.06529664194405527,-0.6459287308981895,-1.5753497302896569,93.0,2.0,6.0
-9.78615886655648,2.378555558857123,0.8042046109850917,73.94003295898438,-6.368499755859375,-40.73706817626953,0.5090979311531714,-0.5090826818324145,-1.36753761394561,93.0,2.0,6.0
-9.821815130384726,1.6233569657181615,1.2663091031721712,73.94003295898438,-6.368499755859375,-40.73706817626953,0.3482438395090305,-0.476693501172196,-1.3646262408667895,93.0,2.0,6.0
-9.85747139421297,0.8681583725791998,1.7284135953592512,73.94003295898438,-6.368499755859375,-40.73706817626953,0.18738974786488963,-0.44430432051197766,-1.3617148677879691,93.0,2.0,6.0
-10.104005630694012,0.1967954304796476,2.1821652224528805,72.20196945450854,-2.679036964441255,-41.39267275034268,-0.057559021056507245,-0.5669911217412732,-1.5613433221584299,93.0,2.0,6.0
-10.118981188021268,-0.34375274151693114,2.2762976363169307,72.27335644982404,-1.7091040268200663,-41.93135851084024,0.0013965577474552432,-0.46181727645023113,-1.3022298959501695,93.0,2.0,6.0
-10.133956745348524,-0.8843009135135098,2.370430050180981,72.3447434451395,-0.7391710891988782,-42.4700442713378,0.06035213655141775,-0.35664343115918906,-1.043116469741909,93.0,2.0,6.0
-10.148932302675824,-1.4248490855116247,2.4645624640452986,72.4161304404552,0.2307618484250664,-43.00873003183688,0.1193077153555478,-0.25146958586784807,-0.7840030435329122,93.0,2.0,6.0
-9.90919391533624,-1.0155435787743878,2.4832678481486106,74.51993633869523,0.7453417961849745,-42.85512799232614,-0.30408297471895784,-0.4378700911424809,-0.8906163570278297,93.0,2.0,6.0
-9.961251954047741,-1.2544401966635748,2.328519875660348,74.70510231617311,0.8642617600215364,-42.63856137245329,-0.22220022134683995,-0.33233232373229854,-0.8305689975613317,93.0,2.0,6.0
-10.01330999275924,-1.493336814552762,2.173771903172085,74.89026829365096,0.9831817238580982,-42.42199475258044,-0.14031746797472203,-0.2267945563221162,-0.7705216380948336,93.0,2.0,6.0
-9.915104402205255,-0.18732290978508367,2.168296130945688,73.05991604239583,1.9683585275369169,-43.50719352149996,-0.030635901509639,-0.15556574652972624,-0.2819483705779138,93.0,2.0,6.0
-9.808848718306429,0.09935303931133527,1.6783797872571689,73.40525482565968,2.3388576043798417,-43.60056323432946,-0.05283522230277066,-0.2632870561914935,-0.45699550116247134,93.0,2.0,6.0
-9.702593034407599,0.38602898840775424,1.1884634435686496,73.75059360892352,2.7093566812227667,-43.69393294715897,-0.07503454309590232,-0.3710083658532608,-0.6320426317470289,93.0,2.0,6.0
-9.295495002331917,0.15557700686798742,0.6803453442936028,72.94270748338982,1.8453622466675783,-43.4847050811583,0.02821404713296076,-0.2894419748896283,-0.44606783878253053,93.0,2.0,6.0
-9.346839931073326,0.22617630534509603,1.0497437283875053,73.44821907243964,2.467441599999532,-43.88801341550853,-0.003447282136419621,-0.43209993196652496,-0.6334883595648308,93.0,2.0,6.0
-9.398184859814732,0.2967756038222047,1.4191421124814076,73.95373066148947,3.089520953331486,-44.291321749858746,-0.0351086114058,-0.5747578890434215,-0.820908880347131,93.0,2.0,6.0
-9.449529788556289,0.367374902299514,1.7885404965763598,74.45924225054077,3.711600306665208,-44.69463008421011,-0.06676994067527038,-0.7174158461207236,-1.008329401129964,93.0,2.0,6.0
-9.337934414215965,-0.32465737311677506,2.22427062525065,74.20762262430246,3.9613204031892906,-45.8258171681909,-0.3358230332118974,-0.7437715341899171,-1.2109784035386935,93.0,2.0,6.0
-9.360754445858856,-0.40809291808435055,2.2121475721767783,74.43089229669606,5.3409009390767075,-46.0915083913352,-0.4293513325434773,-0.6971893503520691,-1.1960575585069688,93.0,2.0,6.0
-9.383574477501815,-0.4915284630521632,2.200024519102872,74.65416196909028,6.7204814749680475,-46.35719961448024,-0.5228796318753232,-0.6506071665140883,-1.1811367134752015,93.0,2.0,6.0
-8.718250069441494,-1.7954324876567755,2.4853291420170445,72.98461797155922,6.9668086295067875,-46.44189944892648,-0.5047198625197563,-0.7404166215871982,-1.196806643424908,93.0,2.0,6.0
-8.61845802766302,-2.2858389817969544,2.652837171954636,73.00328160800518,8.367960973255514,-47.08056079536145,-0.5323654671301743,-0.7153173321699543,-1.1971704218223487,93.0,2.0,6.0
-8.518665985884548,-2.776245475937133,2.820345201892228,73.02194524445117,9.769113317004239,-47.719222141796415,-0.5600110717405923,-0.6902180427527104,-1.1975342002197893,93.0,2.0,6.0
-8.41887394410579,-3.2666519700787062,2.987853231830296,73.04060888089721,11.170265660756947,-48.3578834882332,-0.5876566763510889,-0.6651187533353948,-1.1978979786172308,93.0,2.0,6.0
-8.872917452270222,-1.4830915273906247,2.1062078476418367,72.87117517651677,9.56436376601484,-47.66062470797302,-0.8856974221278747,-0.7741194412638632,-1.214482557243055,93.0,2.0,6.0
-8.744555130416702,-1.7227012838601332,2.1711021185386894,72.38711878003284,10.348308773338347,-47.71136368159053,-0.9126277566958739,-0.8308914825846124,-1.3225677985607058,93.0,2.0,6.0
-8.616192808562815,-1.9623110403303228,2.2359963894357264,71.90306238354752,11.13225378066408,-47.762102655208174,-0.9395580912639496,-0.8876635239055228,-1.4306530398786639,93.0,2.0,6.0
-7.91800305323201,-4.338418903819701,3.198490217214244,72.10441283063055,12.572888253864164,-48.490848232976965,-0.495084354784792,-0.7748991697999023,-1.1596732681347108,93.0,2.0,6.0
-7.8673712296923215,-5.199873066416573,3.49087119865929,71.84710495785858,13.026957162555158,-48.96437709497605,-0.392094061282078,-0.7261334484788406,-1.1210973876072494,93.0,2.0,6.0
-7.8167394061524895,-6.0613272290158955,3.783252180105168,71.58979708508586,13.48102607124744,-49.43790595697647,-0.28910376777907126,-0.6773677271576405,-1.0825215070796783,93.0,2.0,6.0
-7.54087909080082,-6.3588429885324524,4.229495568384479,70.17245266349165,17.38158525339581,-49.80232844707363,-0.38158127960343186,-0.7334467464776722,-1.0230158702858905,93.0,2.0,6.0
-7.545157882347636,-6.269702468436709,4.18813429843365,69.55594059379007,17.614753168739835,-49.96937028285839,-0.15012602981726536,-0.8939369160026727,-1.193695897293792,93.0,2.0,6.0
-7.549436673894467,-6.180561948340712,4.146773028482703,68.93942852408674,17.84792108408452,-50.13641211864363,0.081329219969559,-1.0544270855281295,-1.3643759243021785,93.0,2.0,6.0
-7.553715465441285,-6.091421428244967,4.105411758531874,68.32291645438514,18.081088999428548,-50.303453954428385,0.3127844697557254,-1.21491725505313,-1.5350559513100799,93.0,2.0,6.0
-7.2821762774554415,-5.839183287985681,3.585777537041527,67.96098283566363,18.68648319782974,-50.76060215371428,0.1729178765859397,-1.071691735607025,-1.4056293075690482,93.0,2.0,6.0
-7.091772110279781,-6.015325007804137,3.7333942095576806,66.81320657528543,19.97315159382832,-51.84648662942439,0.2591677049247294,-1.1783212789116744,-1.4423855751167267,93.0,2.0,6.0
-6.9013679431046615,-6.191466727622092,3.881010882073416,65.6654303149105,21.25981998982324,-52.93237110513141,0.345417533263274,-1.2849508222160209,-1.4791418426643004,93.0,2.0,6.0
-6.081726216594292,-6.081884184801468,4.611175093695156,65.92597158186773,20.8217440929854,-53.99396880913148,0.1642076919096372,-1.1970385939237767,-1.4722405426563128,93.0,2.0,6.0
-5.772943391123724,-6.1860002622247645,4.879309897467647,64.60416051619134,22.0064314403998,-54.55679282951832,0.05102753138695748,-1.0856780344600605,-1.2855478661117623,93.0,2.0,6.0
-5.4641605656540335,-6.290116339647764,5.147444701239375,63.28234945051872,23.19111878781083,-55.11961684990354,-0.06215262913540048,-0.9743174749966608,-1.0988551895677428,93.0,2.0,6.0
-5.179487084076536,-7.220405980613575,5.372571318242972,62.87567965026325,22.29349278918024,-54.889537012465766,-0.1038993698046728,-0.908169437726358,-0.9819964453312973,93.0,2.0,6.0
-5.086067770645833,-7.239660328891602,5.33834126958654,61.581591362910906,23.178982214838612,-55.878604776747096,0.06932815018418328,-0.8677739442190096,-0.9059364649389102,93.0,2.0,6.0
-4.992648457214868,-7.258914677169683,5.304111220930009,60.28750307555489,24.06447164049951,-56.86767254103124,0.24255567017353172,-0.8273784507115463,-0.829876484546307,93.0,2.0,6.0
-4.899229143784167,-7.278169025447713,5.269881172273577,58.99341478820255,24.94996106615788,-57.85674030531256,0.4157831901623879,-0.7869829572041978,-0.7538165041539203,93.0,2.0,6.0
-4.696089564191937,-6.835544784541784,4.973177724067061,59.162813666601565,24.82413158691076,-56.972369327483406,0.05531968089485259,-0.9512713418230279,-0.8714836657217696,93.0,2.0,6.0
-4.52565285764864,-6.605205715174884,5.040211320106009,57.92143579794681,25.277763903500997,-57.86116426461891,0.04112667056462496,-1.1474260316122251,-0.9573695814781611,93.0,2.0,6.0
-4.355216151105825,-6.374866645808638,5.107244916144766,56.68005792929561,25.731396220089938,-58.749959201751885,0.026933660234437676,-1.3435807214008655,-1.0432554972343087,93.0,2.0,6.0
-4.404811460197352,-6.0121418845926335,5.054283732556549,56.54094977593012,25.531490306554325,-59.89290713978538,0.6610788690558435,-1.0203327545111827,-0.8101173233802553,93.0,2.0,6.0
-3.699531537710637,-6.784455422191783,5.93000036158656,56.10960372185214,25.883578204809403,-59.8433800811839,0.4121553194032627,-1.0039562055056428,-0.8163040131147261,93.0,2.0,6.0
-2.994251615225927,-7.556768959788737,6.805716990614084,55.67825766777538,26.23566610306348,-59.79385302258257,0.16323176975138953,-0.9875796565001491,-0.8224907028491794,93.0,2.0,6.0
-3.342543499145215,-6.735289458342449,6.582944401046408,54.00403009512676,25.27788775334233,-61.89425347703694,-0.15623596500066966,-1.1477493394967972,-0.9196033959648728,93.0,2.0,6.0
-2.953177578123954,-7.273698386260969,6.895292919418593,53.19405511953926,25.550204151963463,-61.69493560212811,-0.06671082805286481,-0.9788889040106312,-0.7820403676290357,93.0,2.0,6.0
-2.563811657103801,-7.812107314177962,7.207641437789891,52.38408014395405,25.82252055058382,-61.49561772721984,0.02281430889468561,-0.8100284685249448,-0.6444773392935896,93.0,2.0,6.0
-2.1744457360836478,-8.350516242094951,7.519989956161189,51.574105168368845,26.094836949204176,-61.29629985231158,0.11233944584223599,-0.6411680330392585,-0.5069143109581433,93.0,2.0,6.0
-1.7843246330362583,-8.114151787845948,7.054243116611478,50.72567767036722,27.6395683743116,-63.26139599233534,0.056096742169734315,-0.6825293503924248,-0.5342308115110133,93.0,2.0,6.0
-1.8114233507258248,-7.833894009677682,7.0513905414285585,50.120241116410966,27.718902728712386,-63.82645737081543,0.11323270560978614,-0.5584314881485326,-0.3919367860895957,93.0,2.0,6.0
-1.8385220684153143,-7.553636231510213,7.048537966245646,49.51480456245644,27.79823708311295,-64.39151874929392,0.17036866904967557,-0.434333625904993,-0.2496427606685825,93.0,2.0,6.0
-1.7319554550977283,-7.489894542896305,6.956587427209236,49.91206390728329,27.298506316616745,-62.86888433304424,0.1283668552419625,-0.2113051983957198,-0.08227777954452678,93.0,2.0,6.0
-1.754062307629204,-7.392196579181517,6.992956798623491,49.91484699060296,27.30274119622968,-62.6839821037348,0.12873078130991156,-0.15817239257133733,-0.104113180602766,93.0,2.0,6.0
-1.776169160160617,-7.294498615467006,7.029326170037643,49.91763007392262,27.306976075842595,-62.49907987442588,0.12909470737785955,-0.10503958674710585,-0.1259485816609432,93.0,2.0,6.0
-1.812329998934796,-7.4320252840894705,7.12543450114085,48.58825498840378,27.48374961376005,-62.99255350032372,0.24967292733812163,-0.1704622563935767,-0.08010523850184395,93.0,2.0,6.0
-1.7873706421499276,-7.430599067576549,7.160377514332141,48.81500351211639,27.153872408864395,-63.415341128498355,0.2169198293270415,-0.07657004447933273,-0.050263526980637595,93.0,2.0,6.0
-1.7624112853651297,-7.429172851063632,7.195320527523332,49.04175203582834,26.82399520396968,-63.8381287566718,0.18416673131605443,0.017322167434644375,-0.02042181545951605,93.0,2.0,6.0
-1.7374519285803318,-7.427746634550715,7.230263540714523,49.268500559540286,26.494117999074955,-64.26091638484525,0.1514136333050674,0.11121437934862148,0.009419896061605496,93.0,2.0,6.0
-1.9252302941352488,-7.254115702220122,7.002184578930975,48.72468684602379,27.376112245205263,-63.11549730264844,0.21791334130799347,0.21658483909972384,0.10710831441011225,93.0,2.0,6.0
-2.0329120167761423,-7.068703447886794,6.856707226788773,48.93757451463322,27.195834287289166,-63.32516532861871,0.18042923429051047,0.23114177512533007,0.12748802460754244,93.0,2.0,6.0
-2.1405937394170356,-6.8832911935534655,6.711229874646572,49.150462183242645,27.01555632937308,-63.534833354588976,0.14294512727302747,0.2456987111509364,0.1478677348049726,93.0,2.0,6.0
-1.9733749971915688,-6.939784713951405,6.92579301611141,49.98725172457027,25.75112940082988,-65.10145350031685,0.19310138545373048,0.25794635703894564,0.1514506554275432,93.0,2.0,6.0
-2.0404086647559,-6.90698088285097,6.838791825925942,49.804864277213255,25.636444885830592,-65.13311334662265,0.19710454128124916,0.2623134343895582,0.16564366575773048,93.0,2.0,6.0
-2.107442332320231,-6.874177051750537,6.751790635740473,49.62247682985625,25.52176037083131,-65.1647731929285,0.2011076971087678,0.26668051174017066,0.17983667608791779,93.0,2.0,6.0
-2.174475999884753,-6.841373220650008,6.664789445554759,49.44008938249871,25.407075855831696,-65.19643303923439,0.20511085293629777,0.2710475890907955,0.1940296864181454,93.0,2.0,6.0
-2.1043913865620927,-6.787226534317725,7.030679528752405,50.00415101130479,26.35840587368597,-63.927427107169,0.022577144649817197,0.36844612381453656,0.2817831940584651,93.0,2.0,6.0
-2.064456400924464,-6.834292674492548,7.301666772404501,50.05129971583356,25.91807788601548,-64.19697235710771,-0.10989095494417855,0.44450610420692344,0.33200461339283105,93.0,2.0,6.0
-2.024521415286836,-6.8813588146673705,7.572654016056599,50.09844842036232,25.477749898344975,-64.46651760704644,-0.24235905453817425,0.5205660845993103,0.38222603272719696,93.0,2.0,6.0
-2.2034168428187866,-7.7926731970585665,8.419749239175303,51.929159944151685,26.496788433450888,-63.391117584349786,-0.16513050288156103,1.2298862207964631,0.8034266823606581,93.0,2.0,6.0
-2.3759929460290787,-7.746320023802688,8.328469398706025,52.92986932525429,26.35186062659677,-63.004064361693885,-0.18478236407233908,1.26482287536415,0.8052462950425222,93.0,2.0,6.0
-2.5485690492393718,-7.69996685054681,8.237189558236748,53.9305787063569,26.206932819742654,-62.61701113903799,-0.2044342252631171,1.2997595299318367,0.8070659077243862,93.0,2.0,6.0
-2.342469048012472,-7.9027876331130225,8.37750716276316,53.70260590107144,25.812270331807216,-62.33889627040941,-0.6422476428622699,1.4298381094262271,1.0295420373499815,93.0,2.0,6.0
-2.4957907242666044,-7.729498353175437,8.113651285840794,54.88569824726178,25.782027607388606,-61.92017411769983,-0.5505389541263913,1.4600437430664888,1.0997792209207793,93.0,2.0,6.0
-2.649112400520737,-7.5562090732378495,7.849795408918426,56.06879059345211,25.751784882969993,-61.501451964990245,-0.45883026539051286,1.4902493767067508,1.1700164044915773,93.0,2.0,6.0
-2.8024340767753064,-7.382919793299773,7.585939531995311,57.2518829396458,25.72154215855129,-61.082729812279474,-0.36712157665437367,1.5204550103470986,1.240253588062575,93.0,2.0,6.0
-3.2829792134086935,-9.21957230910549,7.221979401783425,61.463941839149435,22.644377418777808,-57.97746847809027,-0.06330147044791684,2.0311171436338524,1.8233303799171148,93.0,2.0,6.0
-3.352865454367797,-9.289458335487875,7.289726246075051,62.69145549576452,22.340344330094,-56.8755539578276,0.05970461590145859,1.993269081118628,1.8222385839063833,93.0,2.0,6.0
-3.4227516953271,-9.359344361870455,7.3574730903668675,63.91896915238311,22.03631124140933,-55.7736394375618,0.18271070225118363,1.955421018603296,1.8211467878956484,93.0,2.0,6.0
-3.8064828455905375,-8.796094546056198,7.093303552301144,62.20164559546837,21.40242712377899,-56.928858313281616,-0.2076978077500685,2.048393468247893,1.8586997850538476,93.0,2.0,6.0
-4.305669819161861,-8.33398990128123,6.6411828476506765,64.18717644873804,19.715016387696537,-55.33089108916199,-0.09852080007499689,1.9464949506393427,1.775361333668425,93.0,2.0,6.0
-4.804856792733185,-7.871885256506258,6.189062143000209,66.17270730200772,18.02760565161409,-53.73292386504234,0.010656207600074684,1.844596433030793,1.6920228822830028,93.0,2.0,6.0
-4.739043193371449,-7.301716311763655,6.216508575967153,66.7837946945901,20.379777081514252,-54.02084506919981,0.03598273726995435,1.4647488263672375,1.385960917705481,93.0,2.0,6.0
-5.169770236522913,-6.714815028500028,5.545458694986318,67.72976103370057,19.119553082491965,-53.12331661155902,0.20411532851736,1.222375893933376,1.2261985638085315,93.0,2.0,6.0
-5.600497279674377,-6.127913745236401,4.874408814005483,68.67572737281104,17.859329083469675,-52.22578815391824,0.3722479197647657,0.9800029614995146,1.066436209911582,93.0,2.0,6.0
-6.0312243228270646,-5.541012461971106,4.2033589330227406,69.6216937119242,16.5991050844438,-51.3282596962749,0.5403805110126493,0.7376300290649639,0.9066738560141786,93.0,2.0,6.0
-6.596068992173324,-4.6520189656389,2.434702573733644,70.36226808334375,15.472768036288269,-51.66272219492265,0.5881691476834014,0.8153494798922064,1.0397733077396318,93.01705915574365,2.0,6.0
-6.608905224358676,-4.5799934710634655,2.3441357669405134,71.01485109115566,14.953106247348313,-51.36720150781964,0.5521407339108513,0.7665837394976582,1.0859915837634546,93.03692758087446,2.0,6.0
-6.621741456544065,-4.5079679764878255,2.2535689601471254,71.66743409896942,14.433444458406878,-51.071680820715805,0.5161123201381985,0.7178179991029718,1.1322098597874086,93.05679600600534,2.0,6.0
-7.8747695712646655,-3.4518002897745395,2.9344357825347704,71.6022523788187,12.81584846484884,-50.50521909850408,0.18292769752822277,0.7883475465920707,1.4549535113787648,93.07666443113617,2.0,6.0
-7.960344407995546,-3.1501486784466888,2.9551163483687968,71.80406230008317,12.789404625775685,-50.316865292962255,0.13634550892200292,0.8043601877835386,1.458592736742493,93.09653285626699,2.0,6.0
-8.045919244726667,-2.848497067117981,2.975796914202882,72.00587222134821,12.762960786702452,-50.12851148741989,0.0897633203156507,0.8203728289750521,1.4622319621062314,93.11640128139788,2.0,6.0
-8.433516646090244,-2.6220417620537746,3.0888178051501605,73.71846063133617,10.452264024189622,-48.98038090780681,-0.09321482194783592,0.9162696409604577,1.7587686482468379,93.13626970652871,2.0,6.0
-8.522657452288282,-2.4729988028406527,3.0866784804552903,73.46747382637427,9.371882020406424,-48.28845273092755,-0.029892163409075148,0.8944342375180947,1.6455884781877363,93.15613813165952,2.0,6.0
-8.611798258486575,-2.3239558436271084,3.0845391557604147,73.21648702141161,8.291500016620157,-47.596524554046326,0.033430495129865595,0.8725988340756696,1.5324083081283135,93.1760065567904,2.0,6.0
-8.700939064684613,-2.174912884413987,3.0823998310655445,72.96550021644968,7.21111801283696,-46.90459637716708,0.09675315366862637,0.8507634306333067,1.4192281380692127,93.19587498192125,2.0,6.0
-9.0631677929817,-1.003046271249812,2.3172361775847685,74.40866358265691,4.32092021169779,-45.36965984360924,0.04157817985852078,0.8702714186090527,1.5793456298937192,93.21574340705205,2.0,6.0
-9.210071212476612,-0.9160451096743264,2.218825037142684,74.29285640225201,3.624777633571445,-45.5141732598998,0.11254323150965892,0.812771542586603,1.3857384140119975,93.23561183218295,2.0,6.0
-9.356974631971108,-0.8290439480990882,2.120413896700879,74.17704922184745,2.9286350554470775,-45.65868667618995,0.1835082831605953,0.7552716665643162,1.1921311981308256,93.25548025731376,2.0,6.0
-9.02413419946706,-0.8226866592344898,2.1357793006614583,74.39924129534195,4.338760569473494,-44.88432377943994,0.21051968581672323,0.6930629592360495,1.104901190518913,93.2753486824446,2.0,6.0
-9.2230956672098,-0.7121524108825393,1.9418095359521617,74.16768150377723,3.1172473553632774,-44.03570393691141,0.194870984625789,0.6890598078788792,1.0932556624408443,93.29521710757543,2.0,6.0
-9.422057134953103,-0.601618162530275,1.7478397712423144,73.93612171221184,1.895734141249588,-43.187084094380474,0.17922228343481025,0.6850566565216976,1.0816101343627427,93.3150855327063,2.0,6.0
-9.664335786645156,-0.3253710408987278,1.8998668705534287,74.8617297160155,1.928912000551947,-42.66453111971606,0.2839495062471664,0.7458627884769508,1.0669515704691395,93.33495395783713,2.0,6.0
-9.602293950860298,-0.09004003961720353,1.8114394604277768,74.61074291105358,0.8485288523595699,-41.9726029428368,0.18714589830658063,0.8477613251589868,1.1830431174813627,93.35482238296797,2.0,6.0
-9.540252115075267,0.14529096166498956,1.7230120503018735,74.35975610609094,-0.23185429583587733,-41.28067476595558,0.09034229036571971,0.949659861841313,1.2991346644939163,93.37469080809885,2.0,6.0
-9.478210279290414,0.38062196294651374,1.6345846401762214,74.108769301129,-1.3122374440282543,-40.58874658907633,-0.006461317574866066,1.0515583985233488,1.41522621150614,93.39455923322969,2.0,6.0
-9.375615474840084,0.22420815515160475,1.9525657739192983,75.08711762767821,-0.6345522572956246,-40.804007525396926,-0.010305896973174224,0.8887031625850611,1.2744914935944396,93.41442765836048,2.0,6.0
-9.307155663629318,0.5066053681343283,1.5011581124804376,75.11286569458042,-2.310133159398472,-39.48185878271858,-0.07326463339297364,1.0346364378081212,1.4943011783482825,93.43429608349136,2.0,6.0
-9.238695852418749,0.7890025811162493,1.04975045104286,75.13861376148256,-3.9857140614965574,-38.15971004004401,-0.13622336981259411,1.1805697130307669,1.7141108631015003,93.45416450862223,2.0,6.0
-9.458127526140624,0.5681808449328429,1.4440885209064107,74.1147614636371,-3.218416183981513,-38.729248760893775,0.008282545433747054,1.1023014844864323,1.5845725956435923,93.47403293375302,2.0,6.0
-9.411061529016816,1.9716093422500085,0.21466232766672988,73.78884513520627,-3.730045326743733,-38.47918509359593,0.20188976131546887,0.8839474691356685,1.3989716854564662,93.49390135888392,2.0,6.0
-9.363995531893142,3.3750378395631846,-1.0147638655694564,73.4629288067764,-4.241674469504497,-38.22912142629879,0.39549697719664045,0.6655934537855254,1.2133707752698673,93.51376978401474,2.0,6.0
-9.129340454479356,1.691550210303385,-0.2532086159107332,71.14740978709649,-9.59900497459462,-34.72468596715716,0.3686136326782039,0.8052168198863984,1.6548719686612032,93.53363820914556,2.0,6.0
-9.176406732936954,3.0835687955071966,-1.0048416115155183,70.95116148463696,-9.564091377487719,-34.54322621602817,0.35805985665244144,0.44020171368555855,0.8764399618259737,93.55350663427639,2.0,6.0
-9.223473011394688,4.475587380714964,-1.7564746071224395,70.75491318217685,-9.52917778038072,-34.36176646489867,0.3475060806266489,0.07518660748368122,0.09800795498853176,93.57337505940727,2.0,6.0
-9.270539289852286,5.867605965918778,-2.508107602727225,70.55866487971731,-9.494264183273817,-34.18030671376968,0.33695230460088643,-0.28982849871715866,-0.6804240518466975,93.59324348453808,2.0,6.0
-9.87195203690244,6.352795447395278,-1.6160817468819129,72.13489150988308,-11.168476862427337,-33.88034054198678,0.07477487163157606,-0.381950530251597,-1.1025854251583136,93.61311190966893,2.0,6.0
-9.946829823538936,6.022618941352159,-1.4470712984257756,72.24791561114063,-10.47657027673264,-33.92073390403215,0.027100916667799842,-0.3612069027033391,-1.0876645801265463,93.63298033479981,2.0,6.0
-10.02170761017522,5.692442435309978,-1.2780608499701187,72.36093971239785,-9.784663691039908,-33.9611272660774,-0.020573038295840868,-0.34046327515514013,-1.0727437350948217,93.65284875993063,2.0,6.0
-10.228129532860555,2.9814928502451554,-0.6326056932350932,71.71369379011536,-9.135278324823137,-33.48543363507537,-0.22479324548147395,-0.25910128358933165,-0.5140959068371138,93.67271718506144,2.0,6.0
-9.996363957451171,2.910893570841332,-0.5727032588859173,71.49245685545306,-8.967703289727597,-33.830483645757184,-0.2291603273024472,-0.2518228155765079,-0.49808328352699366,93.69258561019232,2.0,6.0
-9.764598382042449,2.84029429143771,-0.5128008245369118,71.2712199207914,-8.800128254632535,-34.17553365643802,-0.23352740912340805,-0.24454434756370477,-0.4820706602169192,93.71245403532316,2.0,6.0
-9.532832806633722,2.769695012034088,-0.45289839018790623,71.04998298612973,-8.632553219537472,-34.52058366711886,-0.23789449094436887,-0.2372658795509016,-0.46605803690684466,93.732322460454,2.0,6.0
-9.65783365476547,2.626614465720594,-0.3690479975642252,73.03313122495369,-7.382983920680416,-35.16080148973981,-0.214531492633288,-0.24576437774111784,-0.4209892937811029,93.75219088558488,2.0,6.0
-9.580103151683266,2.593097596175641,-0.3469411450328122,73.20994795545283,-7.276768596278655,-35.49894838610181,-0.19997455660768168,-0.24867576423098336,-0.5429036137730574,93.77205931071569,2.0,6.0
-9.502372648601062,2.559580726630689,-0.3248342925013992,73.3867646859519,-7.170553271876897,-35.83709528246381,-0.18541762058207545,-0.25158715072084886,-0.664817933765012,93.79192773584653,2.0,6.0
-9.461611799128333,2.1213505264931154,0.07974516612799373,73.67802726649145,-7.93430541879909,-35.50783350918146,-0.21368159779625903,-0.34554814203355977,-0.6566070741498835,93.81179616097741,2.0,6.0
-9.530785001642915,1.8817407890970927,0.21809127551812668,73.84377532862509,-7.674257677863045,-35.44796083900787,-0.16018486508451568,-0.3742980895814462,-0.7526828473889319,93.83166458610825,2.0,6.0
-9.599958204157502,1.6421310517010708,0.35643738490825966,74.00952339075873,-7.414209936927003,-35.38808816883428,-0.10668813237277236,-0.40304803712933274,-0.8487586206279801,93.85153301123907,2.0,6.0
-9.68993978383076,1.5358596480061624,0.21176533245586657,75.11209518067504,-4.984916762647623,-36.74547664021095,-0.06841006253973717,-0.24005889351177023,-0.6973684920781699,93.87140143636995,2.0,6.0
-9.665693534631869,1.4039316427877768,0.0862554600194573,74.89364133469745,-4.8131079857923105,-36.90561988209313,-0.048030354726492766,-0.350691589663403,-0.8054537143223343,93.89126986150077,2.0,6.0
-9.641447285432976,1.2720036375693908,-0.03925441241695199,74.67518748871987,-4.6412992089369975,-37.065763123975294,-0.02765064691324836,-0.4613242858150358,-0.9135389365664985,93.9111382866316,2.0,6.0
-9.617201036234084,1.140075632351005,-0.16476428485336125,74.4567336427423,-4.4694904320816855,-37.22590636585748,-0.007270939100003954,-0.5719569819666686,-1.0216241588106627,93.93100671176242,2.0,6.0
-9.685263747668829,1.2557461907302503,-0.0958497844530762,74.80320378525182,-4.5928133411573215,-36.67064329491612,0.008666696735735016,-0.6429291454089366,-1.0696106279094073,93.9508751368933,2.0,6.0
-9.692395114398558,1.0817438485062876,0.009692608277540704,75.14019334061041,-4.235017740266534,-37.31872877465186,0.1014671518290344,-0.8165205684434466,-1.2479330575662275,93.97074356202413,2.0,6.0
-9.69952648112829,0.9077415062823248,0.11523500100815758,75.477182895969,-3.877222139375746,-37.96681425438759,0.1942676069223338,-0.9901119914779568,-1.426255487223048,93.99061198715496,2.0,6.0
-9.032707443612523,0.8546336177445011,0.3676291906587951,75.02034630078462,0.5048899344745763,-39.18119029784746,0.46682137642403343,-0.9546904218671821,-1.4766383001636962,94.0209601804908,2.0,6.0
-9.06408477343885,0.4652677730182928,0.9602355062710489,74.84069191235704,0.22366665642917777,-40.16559459472157,0.3401760402730256,-0.9936302268979693,-1.5628881189654975,94.06069582673862,2.0,6.0
-9.095462103265175,0.07590192829208443,1.552841821883303,74.6610375239295,-0.05755662161622077,-41.14999889159567,0.2135307041220177,-1.0325700319287567,-1.649137937767299,94.10043147298643,2.0,6.0
-9.368573661061136,0.9406154669872122,0.7984111902516288,74.9677292844797,2.120503421597128,-41.00300903308969,-0.012838425428727623,-1.0779574495027606,-1.638071982008974,94.1401671192344,2.0,6.0
-9.163906760426556,0.07987450019111986,1.363918735722306,75.30194029064396,2.4740629919093062,-41.83600357044245,-0.11582872846818472,-0.8989071756076599,-1.485224205596149,94.17990276548221,2.0,6.0
-8.959239859791978,-0.7808664666049722,1.9294262811929828,75.6361512968082,2.827622562221485,-42.66899810779521,-0.21881903150764184,-0.719856901712559,-1.3323764291833244,94.21963841173005,2.0,6.0
-8.754572959156814,-1.641607433403511,2.4949338266652674,75.97036230297341,3.1811821325346683,-43.50199264515034,-0.3218093345473917,-0.5408066278169493,-1.1795286527700652,94.259374057978,2.0,6.0
-8.940202551070167,-0.44330388273653754,2.0491809809877712,75.12301770840345,6.704164708768012,-43.92574959238552,-0.7288163258736203,-0.8516888860761361,-1.6011662552095696,94.2991097042258,2.0,6.0
-8.750511503401881,-1.1970761605678832,2.088402856655308,75.24990265522646,7.246471456204041,-44.1792625470972,-0.7510156562034951,-0.8120212463438113,-1.5192834732272222,94.33884535047363,2.0,6.0
-8.560820455733596,-1.9508484383992288,2.127624732322844,75.37678760204948,7.788778203640072,-44.43277550180888,-0.77321498653337,-0.7723536066114866,-1.437400691244875,94.37858099672145,2.0,6.0
-8.655206384128086,-2.565062360021701,2.053167201126857,72.98420221242273,7.3343822723127134,-45.538697451565845,-0.13005304298489112,-0.5801140209047646,-1.2655525297509345,94.4183166429694,2.0,6.0
-8.578188991015974,-2.6998428718776575,2.2920638571630176,73.09722631367995,8.026288858005444,-45.579090813611096,-0.3855272289282623,-0.633246817192253,-1.3354258007393351,94.45805228921725,2.0,6.0
-8.501171597903863,-2.8346233837336143,2.530960513199177,73.21025041493715,8.718195443698175,-45.619484175656346,-0.6410014148716334,-0.6863796134797412,-1.405299071727736,94.49778793546507,2.0,6.0
-8.732603650143705,-5.866308723733342,4.26681436094232,72.32415704135326,11.94321998179332,-45.858439482525725,-0.22236128252636989,-0.3467816708638129,-0.9947398387075456,94.53752358171299,2.0,6.0
-8.879507355740497,-5.722257591531324,3.9316459420583474,72.03356131915504,12.688015895488933,-46.2755404270444,-0.18888033550873065,-0.4850725339007966,-1.0249454532743207,94.57725922796084,2.0,6.0
-9.026411061337287,-5.578206459329307,3.596477523174375,71.74296559695682,13.432811809184544,-46.692641371563056,-0.1553993884910914,-0.6233633969377802,-1.0551510678410965,94.61699487420864,2.0,6.0
-9.173314766934494,-5.43415532712688,3.2613091042894498,71.45236987475776,14.177607722882271,-47.1097423160829,-0.12191844147335704,-0.7616542599751568,-1.085356682407958,94.6567305204566,2.0,6.0
-9.107391872966007,-6.131842755626501,2.8895157758201253,70.78051087667608,15.732141358382377,-47.10750842660929,-0.1693621994953074,-0.5994620641772939,-1.0592153280611687,94.69646616670441,2.0,6.0
-9.171573033892768,-5.987078513454391,2.955123223444272,70.1307064180585,16.25603856754938,-47.21812234491364,-0.03543842096149363,-0.8320090612473949,-1.0810507148142314,94.73620181295226,2.0,6.0
-9.23575419481971,-5.84231427128187,3.020730671068605,69.48090195943908,16.779935776717874,-47.328736263218296,0.09848535757270072,-1.0645560583181568,-1.102886101567356,94.7759374592002,2.0,6.0
-8.969952521045713,-5.88314091055343,2.840724185031229,68.77385721962862,18.230442505588744,-48.8547618036303,0.2353213261754338,-1.0461588895339693,-1.2119011512943278,94.81567310544801,2.0,6.0
-8.362370657642945,-6.002232688354836,3.39910049728658,68.30917326729751,18.70248603891351,-49.886455758097135,0.2560649561078185,-1.134956172706496,-1.1576765743443038,94.85540875169583,2.0,6.0
-7.75478879423845,-6.12132446615658,3.957476809543519,67.84448931496507,19.174529572239617,-50.9181497125669,0.2768085860402621,-1.223753455879275,-1.103451997394126,94.89514439794381,2.0,6.0
-7.838337041050131,-5.884331310211319,3.646357419727828,66.62860978194483,20.74137455402427,-50.50398860492128,0.16741643855086066,-1.3219443407834075,-1.0539874787997248,94.9348800441916,2.0,6.0
-7.341515446812302,-5.592083290039466,3.880155790088944,66.40747342177657,20.908872856483832,-50.848879504579166,0.2321653408716636,-1.3088490632355831,-1.0274331637095695,94.97461569043945,2.0,6.0
-6.8446938525730605,-5.299835269866782,4.1139541604507235,66.18633706160769,21.076371158943875,-51.193770404238045,0.2969142431926506,-1.2957537856877215,-1.0008788486193387,95.01435133668737,2.0,6.0
-6.347872258335231,-5.007587249694929,4.347752530811839,65.96520070143944,21.24386946140344,-51.538661303895935,0.3616631455134535,-1.2826585081398971,-0.9743245335291832,95.0540869829352,2.0,6.0
-6.6141550310556285,-5.825953187946729,4.673669328646422,65.31036937196822,21.318178390498133,-54.39172457427951,0.20627789471341537,-1.4422379915401624,-1.1466128136548397,95.09382262918304,2.0,6.0
-6.236199136585758,-5.653377161030381,4.674382436902881,64.50868564088985,21.4324263420056,-54.77532847137388,0.17752795193390053,-1.4513360898181995,-1.1877361561688404,95.13355827543089,2.0,6.0
-5.8582432421148125,-5.480801134113544,4.675095545159341,63.70700190980919,21.546674293513387,-55.158932368469344,0.14877800915430395,-1.460434188096263,-1.228859498682958,95.1732939216788,2.0,6.0
-4.968164661007113,-5.496233396540314,4.797301030953241,60.811590663421285,22.92457509736802,-57.91982110480344,0.11895607418846035,-1.4231582319143599,-1.1383992646957084,95.21302956792665,2.0,6.0
-4.597340076046512,-5.854221677789988,5.066862054665155,60.18951245449852,23.149273831651264,-58.45667878607736,0.08693082041575388,-1.458458794296072,-1.2028136991286331,95.25276521417447,2.0,6.0
-4.226515491084857,-6.21220995904068,5.336423078377833,59.56743424557398,23.373972565935144,-58.99353646735282,0.05490556664295639,-1.4937593566778846,-1.267228133561741,95.2925008604224,2.0,6.0
-3.8556909061242575,-6.570198240290353,5.605984102089747,58.9453560366512,23.59867130021839,-59.53039414862673,0.022880312870249928,-1.529059919059597,-1.331642567994666,95.33223650667024,2.0,6.0
-3.6746628595617223,-6.68226165096531,5.995635068539179,55.5121927536352,26.16669380896628,-59.994358901636794,-0.103050948026684,-1.0397091963049327,-0.8234542795869584,95.37197215291806,2.0,6.0
-3.1027372766748758,-7.417492897914973,6.81715423357983,54.29859114535648,26.491900145942008,-60.17174407924944,-0.2053134068281512,-0.48618182203628496,-0.28739520518406686,95.41170779916601,2.0,6.0
-2.5308116937896528,-8.152724144862546,7.638673398618144,53.08498953708121,26.81710648291681,-60.34912925686158,-0.3075758656293277,0.06734555223078975,0.24866386921730113,95.45144344541384,2.0,6.0
-2.785754349314836,-7.801574955109296,6.952260938164401,56.69488545105785,25.14028704754297,-60.58072831784225,-0.2716987895996956,0.02883887270340596,0.22161413192390028,95.49117909166166,2.0,6.0
-2.8991411138414223,-7.512046470764254,6.616379437919612,55.450783583379675,25.76045645824973,-60.51678561840976,-0.21128751278225708,0.1984271524278548,0.33151898383756484,95.5309147379096,2.0,6.0
-3.012527878367686,-7.2225179864200335,6.280497937675777,54.20668171570502,26.380625868954738,-60.45284291897744,-0.15087623596499025,0.3680154321518217,0.441423835750917,95.57065038415745,2.0,6.0
-2.6540161126583888,-7.989500164441503,7.382504595267541,54.84942737798082,25.657891579218127,-59.852990667463665,-0.2850686378841248,0.48996147233514226,0.6158667424947014,95.61038603040525,2.0,6.0
-2.9670776551690907,-7.695693039350218,6.917547510612201,55.253049471181136,25.60500219876316,-59.47627851689028,-0.21701497749142537,0.46303114730388617,0.53798714196987,95.65012167665309,2.0,6.0
-3.280139197680682,-7.401885914258096,6.452590425955542,55.656671564382606,25.55211281830804,-59.09956636631581,-0.1489613170985326,0.4361008222725536,0.46010754144481697,95.689857322901,2.0,6.0
-3.593200740191384,-7.10807878916681,5.987633341300202,56.060293657582925,25.49922343785307,-58.72285421574243,-0.08090765670583326,0.4091704972412976,0.3822279409199855,95.72959296914883,2.0,6.0
-3.6439092741263694,-6.933976732652516,5.757766559313775,54.90671211287928,25.771730343777595,-60.09013001477231,0.060055916245785185,0.3614543349052064,0.1386825585791782,95.76932861539667,2.0,6.0
-3.889223967577772,-7.070896641176341,5.874719007205236,55.08631420180784,25.882180544812357,-60.24337694203396,0.013109810288663204,0.3843814999366837,0.13540725056620953,95.80906426164462,2.0,6.0
-4.1345386610284764,-7.207816549699775,5.991671455096366,55.2659162907359,25.9926307458468,-60.396623869295176,-0.033836295668325356,0.407308664968096,0.13213194255325017,95.84879990789244,2.0,6.0
-4.0131286484283955,-7.576321655872376,6.39481576164428,57.46374051273378,24.94868839555341,-59.246490425311194,-0.07895907889614812,0.48313991156724256,0.22560729921801767,95.88853555414029,2.0,6.0
-4.2834027725744255,-8.081926743153625,6.4839562817402765,57.43323573768642,25.24365202241556,-59.005153450213065,-0.011633262741538015,0.48459560704735366,0.23616108001218172,95.92827120038821,2.0,6.0
-4.553676896719687,-8.587531830433438,6.573096801836021,57.40273096263913,25.538615649276856,-58.76381647511563,0.055692553412880735,0.48605130252746054,0.24671486080631583,95.96800684663603,2.0,6.0
-4.5055951637287395,-7.594410602698215,6.032634982491287,58.23400733306533,25.125033670709666,-58.041159435734606,0.008010709670994867,0.5373786509291093,0.33093374410937565,96.00387134304228,2.0,6.0
-4.6524987262748,-8.034408313880705,6.29221219959384,58.86438250854262,24.74226648931244,-58.087239471898016,-0.0636821909867975,0.7007802355546693,0.5816769043576632,96.02373976817316,2.0,6.0
-4.799402288820443,-8.474406025061946,6.551789416695654,59.49475768401812,24.3594993079163,-58.13331950806131,-0.1353750916443861,0.8641818201797647,0.8324200646052377,96.043608193304,2.0,6.0
-4.946305851366086,-8.914403736243186,6.811366633797469,60.12513285949362,23.976732126520165,-58.1793995442246,-0.20706799230197473,1.0275834048048602,1.0831632248528122,96.06347661843482,2.0,6.0
-5.480295141450984,-6.523478797854157,5.374833198326457,59.90386648447964,25.421993006967558,-57.13002714190964,0.14057106600251787,0.9508937540224583,0.9777873759070684,96.0833450435657,2.0,6.0
-5.706355570070162,-5.5864334334751256,4.2837530286497145,60.50373686106602,25.334189461969466,-56.934774761538726,0.3836718617481464,0.8719224014453208,0.9483095936576444,96.10321346869651,2.0,6.0
-5.932415998689343,-4.649388069096096,3.1926728589729727,61.10360723765238,25.246385916971374,-56.73952238116781,0.6267726574937749,0.7929510488681832,0.9188318114082205,96.12308189382736,2.0,6.0
-5.80573097804966,-6.012354446893701,3.1666104640679675,62.01020084820448,23.49779624078609,-55.62669070076827,0.5021273326079827,0.2963683097950499,0.4188556078663844,96.14295031895824,2.0,6.0
-5.89130581478054,-5.110965363032216,2.7037927760801073,62.85903103314023,22.943220282534647,-55.512629764794255,0.4067794131439581,0.033251721202759925,0.16156181132731184,96.16281874408905,2.0,6.0
-5.9768806515114195,-4.209576279170731,2.240975088092247,63.70786121807598,22.3886443242832,-55.39856882882024,0.3114314936799335,-0.22986486738953005,-0.09573198521176084,96.18268716921989,2.0,6.0
-6.1418729148852815,-3.875734983351273,2.976771933021671,63.74510880141794,21.998625767717854,-55.90784273505182,0.1475564602189468,0.023421187573987767,0.2183979482740301,96.20255559435071,2.0,6.0
-6.0263468204484125,-4.075409761336278,3.3868183960351583,63.54886049895785,22.03353993226108,-55.7263852536672,-0.1577752277088894,0.16753483312785517,0.3119262380691328,96.2224240194816,2.0,6.0
-5.910820726011872,-4.275084539320716,3.796864859047481,63.35261219649831,22.0684540968042,-55.54492777228308,-0.46310691563585776,0.3116484786813129,0.4054545278639696,96.24229244461245,2.0,6.0
-5.795294631575332,-4.474759317305153,4.206911322059804,63.156363894038776,22.10336826134732,-55.36347029089897,-0.7684386035628262,0.4557621242347707,0.4989828176588064,96.26216086974323,2.0,6.0
-5.89785129120779,-5.669891831529829,5.6729540425876035,65.20128148680004,21.05174299885848,-55.433307005128206,-0.1238805993343832,-0.1020263061288154,-0.04656718745510233,96.2820292948741,2.0,6.0
-5.977721262483048,-6.661847703110958,6.226338518295108,65.16799362783705,21.342471739550355,-55.376881357392655,-0.22250381787067047,0.2524350204699832,0.27222963795354327,96.30189772000497,2.0,6.0
-6.057591233758304,-7.653803574692087,6.779722994002613,65.13470576887408,21.63320048024223,-55.32045570965712,-0.32112703640695767,0.606896347068782,0.5910264633621889,96.32176614513578,2.0,6.0
-6.059050799003471,-8.673564324652052,7.358184994509018,63.84192495653885,22.10632479338537,-55.75165642032744,-0.16031830713239564,1.0765012055343304,0.9959454482520451,96.34163457026669,2.0,6.0
-6.352144823661408,-8.191492371832666,6.459648312380928,64.01323122332336,22.374843431995966,-55.32197246799629,0.058035689144261215,1.0197291642135815,0.915882334085858,96.3615029953975,2.0,6.0
-6.645238848319344,-7.70942041901328,5.56111163025284,64.18453749010787,22.643362070606564,-54.892288515665136,0.2763896854209181,0.9629571228928323,0.8358192199196712,96.38137142052832,2.0,6.0
-6.738975618805523,-7.469731958026863,5.471999378427641,66.56178742671116,21.11838690806104,-52.885975682601675,0.37715209915730974,1.0183072450013708,0.883314202281759,96.4012398456592,2.0,6.0
-6.866624830688952,-7.1523916984751486,4.852294330820783,66.84403844142037,20.360885763652547,-53.023592784270846,0.4135444302806288,0.899304321036025,0.7926972894400445,96.42110827079001,2.0,6.0
-6.994274042572381,-6.835051438923435,4.232589283213924,67.12628945612958,19.603384619244057,-53.16120988594004,0.44993676140394767,0.780301397070679,0.7020803765983301,96.44097669592084,2.0,6.0
-7.12192325445581,-6.517711179371721,3.6128842356070656,67.4085404708388,18.845883474835567,-53.29882698760922,0.4863290925272666,0.6612984731053333,0.6114634637566156,96.46084512105168,2.0,6.0
-7.321021027683579,-5.883085868062953,3.242923081371183,67.44133890239394,19.48226552831536,-52.42304126357031,0.9605485607293459,0.44927894299885746,0.542769691005742,96.48071354618256,2.0,6.0
-7.306045328497267,-5.699099814596323,3.2743005542486565,68.53912881938513,18.4609177194784,-52.39016950463251,0.8251690746454846,0.4059720582332718,0.5729753246460039,96.50058197131341,2.0,6.0
-7.291069629310956,-5.515113761129694,3.3056780271261306,69.63691873637632,17.43956991064144,-52.3572977456947,0.6897895885616235,0.3626651734676862,0.6031809582862657,96.52045039644419,2.0,6.0
-7.313136022344454,-5.172792935995785,2.963615442221395,68.59575772384399,16.81542661991569,-51.666211082040846,0.7081362104024639,0.5201178621116396,0.8453894748908266,96.54031882157507,2.0,6.0
-7.4443507745416,-5.008061242728113,3.328021913473505,69.28162854293515,16.005036681561933,-51.42711377292852,0.655731248816513,0.6067316125693245,0.9680316200475751,96.56018724670592,2.0,6.0
-7.575565526738747,-4.84332954946044,3.6924283847256154,69.96749936202633,15.194646743208178,-51.18801646381619,0.603326287230562,0.6933453630270094,1.090673765204324,96.58005567183673,2.0,6.0
-7.706780278936265,-4.678597856192299,4.05683485597876,70.65337018111946,14.38425680485212,-50.948919154703184,0.5509213256444623,0.7799591134849405,1.2133159103614215,96.59992409696765,2.0,6.0
-7.636129162486496,-4.081511515800571,4.059529354540237,70.58148001479601,14.858342969879699,-51.97490002788136,0.6858424473627032,0.7406464077873152,1.1384266249342183,96.61979252209846,2.0,6.0
-7.552693655665893,-3.891107348625451,3.911912682024501,70.75905163573701,13.421638715730616,-51.517403422962346,0.6327096320017285,0.8418170906943276,1.3152933851879636,96.63966094722927,2.0,6.0
-7.469258148845053,-3.700703181449791,3.7642960095083464,70.93662325667852,11.984934461577447,-51.05990681804203,0.5795768166406029,0.9429877736016279,1.4921601454422115,96.65952937236015,2.0,6.0
-7.803584101835118,-2.74468869092927,3.641836166565654,71.38774500549941,12.535796974447276,-50.19255664717728,0.2927957290972499,1.1256768340246974,1.772624788893248,96.679397797491,2.0,6.0
-7.815707226434565,-2.472275227336988,3.5484168531349525,72.42800425232464,10.394918220787115,-49.83411872756091,0.26950463717832573,1.1882716578619208,1.794824119223123,96.69926622262179,2.0,6.0
-7.827830351034045,-2.1998617637439324,3.454997539703986,73.46826349915281,8.254039467120867,-49.47568080794352,0.24621354525933545,1.250866481699322,1.8170234495530608,96.71913464775272,2.0,6.0
-7.794863115849923,-1.348904224049448,2.761995609255006,72.48660793306766,10.237364493290823,-49.2057532243396,0.009869276977889257,1.1233287948017363,1.5980900988575764,96.73900307288352,2.0,6.0
-7.9759967294361855,-1.0279982715961264,2.4289665870385124,72.75301994326028,8.253080740851221,-47.38186055466352,0.027337597109175247,1.0716516822224376,1.502742179393552,96.75887149801437,2.0,6.0
-8.157130343022962,-0.707092319141893,2.095937564821072,73.01943195345366,6.268796988405979,-45.557967884982254,0.04480591724051089,1.0199745696429923,1.4073942599292564,96.77873992314525,2.0,6.0
-8.338263956609222,-0.3861863666885717,1.7629085426045779,73.2858439636463,4.284513235966378,-43.73407521530618,0.06227423737179688,0.9682974570636936,1.3120463404652318,96.79860834827606,2.0,6.0
-8.93418059838853,0.03506732675951291,1.892096359065758,73.43475513222124,4.164418716056906,-46.37694321558194,0.01761292201536055,0.981956013053012,1.254895015735659,96.81847677340689,2.0,6.0
-9.039010062347172,0.11137161943827652,1.7473321550406211,73.82526901008954,2.7182089992613463,-44.9914680568918,-0.06718121784662287,1.0241710980825756,1.2872842059326208,96.83834519853772,2.0,6.0
-9.143839526306115,0.187675912117257,1.6025679510150728,74.21578288795894,1.2719992824616764,-43.60599289819771,-0.15197535770884732,1.0663861831122592,1.3196733961296743,96.8582136236686,2.0,6.0
-9.138811595625171,0.002932827696933468,2.0572724261501034,74.50719026705087,1.8918500836276944,-45.71026474045736,-0.2547855937674593,1.1350145886766931,1.4239159443412492,96.87808204879943,2.0,6.0
-9.231517656034633,0.11631958268645436,1.760612727664045,74.16266092439983,0.1492034466663887,-43.68360488938497,-0.2667950606539688,1.1211855040419247,1.4304665424857743,96.89795047393024,2.0,6.0
-9.32422371644436,0.22970633767629756,1.4639530291771434,73.81813158174779,-1.5934431902998698,-41.65694503830685,-0.2788045275405124,1.1073564194071173,1.4370171406303185,96.91781889906112,2.0,6.0
-9.448885358887994,1.4506188898296395,0.8025797990109819,72.5357242798028,0.1084184001445787,-39.887180720919616,-0.2860196807437164,1.101491948150938,1.4234717979686695,96.93768732419197,2.0,6.0
-9.425352219659194,1.6060799627512514,0.6214462235716935,72.7854332374747,-1.9012735249024215,-39.17272645151109,-0.33187402034328406,1.0905742726558,1.4274749314444464,96.95755574932276,2.0,6.0
-9.401819080430329,1.7615410356733043,0.4403126481318904,73.0351421951473,-3.9109654499551336,-38.45827218210053,-0.3777283599429821,1.0796565971606311,1.4314780649202343,96.97742417445367,2.0,6.0
-9.378285941201527,1.917002108594916,0.259179072692602,73.2848511528192,-5.920657375002135,-37.743817912692,-0.42358269954254973,1.0687389216654934,1.4354811983960114,96.99729259958448,2.0,6.0
-9.43534871632464,2.21648651790722,0.12267012501230388,74.11270308643742,-4.522188088005506,-36.65735462699561,-0.25348532425912884,1.0615582364865637,1.3372887787347656,97.0,2.0,6.0
-9.477422953194532,2.9431601781869445,-0.4528211317026756,73.79785998493534,-5.187649666375933,-36.80531506095586,-0.19634936558744864,1.0167956680126613,1.2583174070839171,97.0,2.0,6.0
-9.519497190064307,3.669833838464604,-1.0283123884160192,73.48301688343417,-5.853111244744468,-36.95327549491569,-0.13921340691593076,0.9720330995388861,1.1793460354332934,97.0,2.0,6.0
-9.519653432643786,2.594494088372642,-0.3276862455364967,72.20922671149705,-9.17593424595524,-34.92866407983077,0.05830966950719964,0.6984906312289793,0.614502767546704,97.0,2.0,6.0
-9.672262008464568,3.325446389397368,-1.1606153226841767,71.90274195502761,-9.82869349278082,-34.521906458066,0.16821452142055182,0.4823201867406503,0.2571300639947829,97.0,2.0,6.0
-9.824870584285785,4.05639869042417,-1.993544399834224,71.59625719855728,-10.481452739608255,-34.11514883630008,0.2781193733342164,0.2661497422517072,-0.10024263955815392,97.0,2.0,6.0
-10.00714316463603,4.700344711068335,-2.2955052237126545,72.40820952964681,-9.821870228705825,-35.8331435043931,0.1457273509458497,0.47638883632142526,0.16421356935963224,97.0,2.0,6.0
-10.08772609806186,4.627606106522808,-2.36325206800428,72.02128821922237,-9.743573276458275,-35.10041729284592,0.21232532286198785,0.3097119335505808,-0.03958350400444022,97.0,2.0,6.0
-10.168309031487919,4.554867501977075,-2.4309989122960975,71.63436690879682,-9.665276324210506,-34.36769108129665,0.27892329477831534,0.14303503077926255,-0.2433805773690919,97.0,2.0,6.0
-10.248891964913748,4.482128897431547,-2.4987457565877236,71.24744559837237,-9.586979371962958,-33.63496486974946,0.3455212666944535,-0.023641871991581964,-0.4471776507331644,97.0,2.0,6.0
-10.372859344861196,3.819745263403968,-1.6908809731646919,73.20628885072252,-10.129093361516142,-33.20661283653659,-0.12032021429063326,-0.1025413238186578,-0.28668541398132685,97.0,2.0,6.0
-10.228808355709916,3.4096988766844256,-1.479796168629372,73.17857170623317,-9.829895992893736,-32.78037817161878,-0.1119499769401532,-0.12546849600269258,-0.23428045239522713,97.0,2.0,6.0
-10.084757366559048,2.9996524899660484,-1.2687113640946517,73.1508545617439,-9.530698624272183,-32.354143506702165,-0.10357973958969696,-0.14839566818666222,-0.18187549080927623,97.0,2.0,6.0
-10.391106034962531,3.3035010437162846,-1.28634382215723,72.97001753055916,-8.123594887639689,-33.19237828038832,-0.1023258939155836,-0.11470231284313592,-0.23774601958563168,97.0,2.0,6.0
-10.112987577167804,3.1280724434046667,-1.20290831533639,73.01716623508808,-8.563923447516029,-33.4619235303278,-0.11833852080198236,-0.19185405482479137,-0.3694862654049781,97.0,2.0,6.0
-9.83486911937387,2.952643843093546,-1.1194728085157875,73.06431493961684,-9.004252007391116,-33.731468780266525,-0.1343511476883356,-0.2690057968062276,-0.5012265112239501,97.0,2.0,6.0
-9.69621911707083,2.7706551627160203,-1.1041010329270626,71.85990532951213,-9.180641834713672,-34.62568389145574,-0.029282131102705184,-0.36213365105267137,-0.5086027144832519,97.0,2.0,6.0
-9.619201723958499,2.602357776546261,-0.8673437735577085,72.9847165782936,-8.78749608275979,-34.67704587189407,0.05551200875951924,-0.35594696131820047,-0.6425264930174462,97.0,2.0,6.0
-9.542184330846387,2.4340603903769806,-0.6305865141890273,74.10952782707187,-8.394350330807022,-34.72840785233226,0.14030614862150267,-0.3497602715837472,-0.77645027155126,97.0,2.0,6.0
-9.465166937734274,2.2657630042077006,-0.3938292548203463,75.23433907585014,-8.001204578854255,-34.77976983277045,0.22510028848348607,-0.34357358184929393,-0.9103740500850735,97.0,2.0,6.0
-9.357622210816755,2.870100300624277,-0.5889715409854752,73.02051007010635,-6.266887935314972,-34.10686488580715,-0.0748020690991813,-0.3595538706076802,-0.8305259840428022,97.0,2.0,6.0
-9.425369198159528,2.793082907512164,-0.6025209177116133,73.44907303549904,-6.623211253796093,-34.34130099725713,-0.015118646056938216,-0.3970379728567916,-0.9225985662875916,97.0,2.0,6.0
-9.4931161855023,2.716065514400052,-0.6160702944377515,73.87763600089171,-6.979534572277214,-34.57573710870711,0.04456477698530487,-0.434522075105903,-1.0146711485323807,97.0,2.0,6.0
-9.461469169146621,2.75004611479717,-0.7178532718999999,75.34818854181054,-6.271558386807313,-34.616764587961406,-0.019554449494187776,-0.5666756805049811,-1.4833798448466295,97.0,2.0,6.0
-9.455764303094936,2.2808103512464593,-0.5459903072695408,75.29269059030285,-5.843935591701507,-34.90193512400322,0.019385348384152856,-0.5928781612980312,-1.528142413320532,97.0,2.0,6.0
-9.450059437043267,1.8115745876970808,-0.3741273426395701,75.23719263879532,-5.416312796596915,-35.18710566004422,0.05832514626238282,-0.6190806420910064,-1.5729049817943073,97.0,2.0,6.0
-9.708251006945844,1.9380189075044945,-0.5091721117385045,75.07644198171377,-3.9754202009006794,-34.66925064573032,-0.09292364813495776,-0.7638128582153779,-1.7530313461189335,97.0,2.0,6.0
-9.736062796458532,1.3454126300375289,-0.25102113364962664,74.87944334737503,-2.3975860334171606,-35.283438916300355,-0.09874642111470536,-0.7940184918557257,-1.7293763463859169,97.0,2.0,6.0
-9.76387458597114,0.7528063525722474,0.007129844438517496,74.68244471303683,-0.8197518659381275,-35.89762718686865,-0.10456919409443637,-0.8242241254959876,-1.705721346652967,97.0,2.0,6.0
-9.791686375483753,0.1602000751069661,0.26528082252666163,74.48544607869864,0.758082301540906,-36.51181545743693,-0.1103919670741674,-0.8544297591362493,-1.6820663469200174,97.0,2.0,6.0
-9.788369949344585,0.18470160243018777,0.2841303032565422,74.93953119039058,4.395603340859832,-38.65736831788233,-0.14695398147342617,-0.8610804410524207,-1.8014750249453155,97.0,2.0,6.0
-9.819747565273204,-0.52699639561604,0.625003678195197,74.25917192220273,5.04368996500475,-39.664300996104075,-0.23939051444758527,-0.8283273430414336,-1.6238804204532895,97.0,2.0,6.0
-9.851125181201827,-1.2386943936622676,0.9658770531338519,73.57881265401488,5.6917765891496686,-40.671233674325805,-0.33182704742174435,-0.7955742450304466,-1.4462858159612635,97.0,2.0,6.0
-9.811018283973215,-3.116493607416188,1.7642555165873972,75.92882902265812,4.241281429884266,-39.425722360445896,-0.2603405628884935,-0.7783222977618042,-1.37886860750683,97.0,2.0,6.0
-9.766091330657522,-3.0116643532658927,1.643024380265486,75.56609140516579,5.559065701123302,-40.099783334566375,-0.2650715662325482,-0.7128161017398301,-1.2613213910915315,97.0,2.0,6.0
-9.721164377341827,-2.906835099115597,1.5217932439435748,75.20335378767342,6.876849972362337,-40.77384430868685,-0.26980256957660287,-0.6473099057178561,-1.143774174676233,97.0,2.0,6.0
-9.676237424026132,-2.802005844965302,1.4005621076216637,74.8406161701811,8.194634243601374,-41.44790528280734,-0.2745335729206576,-0.5818037096958819,-1.026226958260935,97.0,2.0,6.0
-9.362545090502744,-3.5259919423558266,1.2045805915741903,74.12992123664623,9.225312420370784,-42.286620661993055,-0.10513196593140718,-0.6506390334680969,-0.8710221277183305,97.0,2.0,6.0
-9.33687262613204,-3.4496876544454342,1.135407532110752,74.87053967536627,9.53021806383364,-42.558000838537,-0.0003220427595054254,-0.6593731881693219,-0.8662911243742758,97.0,2.0,6.0
-9.311200161761336,-3.3733833665350423,1.0662344726473143,75.6111581140863,9.835123707296498,-42.82938101508094,0.10448788041239632,-0.6681073428705468,-0.8615601210302212,97.0,2.0,6.0
-9.298936031129939,-3.605915842450856,1.415663058630718,73.15015674381368,10.85041099950024,-44.677678705993344,0.17427991631993975,-1.0261588809966533,-1.2242902715104746,97.0,2.0,6.0
-9.04791624811015,-3.302124910749472,1.5140741990725233,73.03637775211456,11.701423954211382,-45.43293108636375,0.2736309886312508,-1.1859212348936028,-1.366220336665375,97.0,2.0,6.0
-8.796896465090358,-2.998333979048088,1.6124853395143284,72.92259876041545,12.55243690892252,-46.18818346673416,0.37298206094256176,-1.345683588790552,-1.5081504018202747,97.0,2.0,6.0
-8.639097594295164,-3.3046855628233134,1.6546284054715867,72.89337995569686,11.609406683190162,-46.06314503878946,0.21582313547163529,-1.1122217319878398,-1.253978421932889,97.0,2.0,6.0
-8.043638876949515,-3.629870156023701,2.288595843215151,72.132584133554,12.988549444419377,-46.744104587739045,0.2947944880487729,-1.2417784546287132,-1.3889939858976104,97.0,2.0,6.0
-7.448180159603866,-3.9550547492240886,2.922563280958715,71.37178831141115,14.367692205648588,-47.42506413668862,0.37376584062591056,-1.3713351772695863,-1.5240095498623312,97.0,2.0,6.0
-6.852721442256523,-4.280239342425401,3.5565307187040807,70.61099248926612,15.746834966881725,-48.106023685640125,0.4527371932032727,-1.500891899910828,-1.659025113827436,97.0,2.0,6.0
-7.5547084976419265,-3.4950491078398027,2.769454598706009,70.40622625657467,15.206752087610711,-49.76045436621337,0.03224784367120948,-1.6561257837942756,-1.7243974250749865,97.0,2.0,6.0
-7.116137139915273,-4.024900372792934,3.336388306896412,70.09342043229518,16.088443219201707,-50.51915607214529,0.05481108896766723,-1.587708177440578,-1.672356404681662,97.0,2.0,6.0
-6.677565782187376,-4.554751637747572,3.903322015088425,69.78061460801479,16.97013435079521,-51.27785777807939,0.0773743342641891,-1.519290571086686,-1.6203153842881899,97.0,2.0,6.0
-6.352219113530574,-5.455110300954596,4.612527353965416,65.18838928061669,19.58706678904534,-54.16870769892013,-0.04553013267623173,-1.4656434440490576,-1.4150734472726547,97.02116390328636,2.0,6.0
-6.094781216802293,-5.939321726735406,4.673856084548551,64.74869739371523,19.926450028791127,-54.6738964119934,-0.05535606207952784,-1.4616403105732807,-1.368855171248832,97.06089954953417,2.0,6.0
-5.83734332007328,-6.4235331525175905,4.735184815131861,64.30900550681253,20.265833268537875,-55.17908512506811,-0.06518199148285189,-1.4576371770974927,-1.322636895224878,97.10063519578212,2.0,6.0
-5.398193704436968,-7.306100311316147,5.080732277003242,62.353839230338096,22.19518260848045,-56.64153159082191,0.5388788515891623,-1.394454118386247,-0.8684650749174083,97.14037084202995,2.0,6.0
-5.168567735504072,-6.986620712317414,5.517164314356361,61.95021484831942,22.248071988935425,-57.01823691308719,0.6167584473456222,-1.3045650688562995,-0.7596519988982202,97.18010648827776,2.0,6.0
-4.938941766571175,-6.6671411133186815,5.95359635170948,61.546590466300735,22.300961369390393,-57.39494223535248,0.6946380431020822,-1.214676019326352,-0.6508389228790321,97.2198421345256,2.0,6.0
-4.709315797637625,-6.347661514319041,6.390028389063838,61.14296608428092,22.353850749845517,-57.771647557618834,0.7725176388587633,-1.1247869697961492,-0.5420258468595346,97.25957778077354,2.0,6.0
-4.9292488343900365,-7.624585787183171,6.000683739852227,61.7307639954348,22.3771764143864,-58.25773899878925,0.624391120189918,-1.1976519063551592,-0.5570661794540017,97.29931342702136,2.0,6.0
-4.716737752694673,-7.3172293151680705,6.31160588569545,60.97623015144135,22.051096931354472,-58.91089039649373,0.3321606857724592,-1.0695509008010768,-0.41768354052285406,97.3390490732692,2.0,6.0
-4.5042266709987056,-7.009872843152095,6.622528031539557,60.221696307445754,21.725017448321612,-59.56404179420008,0.03993025135416983,-0.94144989524663,-0.2783009015913102,97.37878471951714,2.0,6.0
-4.173849159414232,-6.7997838070286685,7.4359501422657885,58.29700822096413,22.53543343324568,-60.13241995285529,0.47748211564317966,-0.7324400461906696,-0.1302582464348362,97.41852036576496,2.0,6.0
-4.088274179632204,-6.9267199184787485,7.403146454216502,58.13677857618889,22.113081214618138,-60.96012342880668,0.3675772732665706,-0.6691173876519088,-0.1477265665661222,97.4582560120128,2.0,6.0
-4.002699199849936,-7.05365602992919,7.3703427661671235,57.976548931413184,21.690728995989392,-61.78782690476042,0.25767243088964925,-0.6057947291129681,-0.16519488669745783,97.49799165826072,2.0,6.0
-4.233464828181944,-5.606208720972955,7.108711712231968,59.0376509355297,21.59127884331836,-61.854805539927646,0.0891401956922616,-0.5536508836817735,-0.22917721024488868,97.53772730450856,2.0,6.0
-4.044486804653063,-5.3459182508499,6.976070597043489,58.26647310960267,21.4105643123737,-62.47973958381136,0.23216205581481217,-0.6020526781153231,-0.25865499964686994,97.57746295075638,2.0,6.0
-3.855508781123645,-5.0856277807261066,6.843429481854635,57.49529528367344,21.229849781428527,-63.10467362769684,0.3751839159377693,-0.6504544725490105,-0.28813278904893497,97.61719859700432,2.0,6.0
-3.666530757594764,-4.825337310603052,6.710788366666157,56.72411745774641,21.049135250483868,-63.72960767158055,0.5182057760603198,-0.6988562669825602,-0.3176105784509162,97.65693424325217,2.0,6.0
-3.811535865850845,-7.013225227674561,7.149969222590499,55.268162465138765,22.41152206906264,-64.07930866829963,0.3415380489992366,-0.7348615650845299,-0.3587946592802283,97.69666988949999,2.0,6.0
-3.6212182541566817,-6.500009170851299,7.283262832209519,54.69627609734144,22.200223774995447,-64.70051319710765,0.4299312222169297,-0.7232213132096169,-0.3649785368675411,97.7364055357478,2.0,6.0
-3.430900642461978,-5.986793114026576,7.4165564418289165,54.12438972954248,21.988925480927655,-65.32171772591745,0.518324395434874,-0.7115810613346707,-0.3711624144548714,97.77614118199575,2.0,6.0
-3.3554269216488564,-5.5248629832698075,7.3657685818947405,55.831245642201615,20.104671802121494,-63.84539941806797,0.7458100038145081,-0.7074826692678985,-0.458412417129324,97.81587682824355,2.0,6.0
-3.207097072405827,-5.446419231934734,7.53549216893072,55.4359159379173,19.99949331243653,-64.80503564853585,0.6715696340178228,-0.7147611372807017,-0.4565928044474599,97.8556124744914,2.0,6.0
-3.0587672231623766,-5.367975480599439,7.705215755967181,55.04058623363188,19.894314822751273,-65.76467187900646,0.5973292642209262,-0.7220396052935254,-0.4547731917655907,97.89534812073934,2.0,6.0
-2.6911238453284487,-5.259658608808603,8.308077666512796,53.805637656873486,21.362602364170243,-65.21634454158581,0.48556493514426247,-0.5562319979278132,-0.37386784014387126,97.93508376698716,2.0,6.0
-2.672582604636327,-5.209739895239007,8.367979895821826,52.87979865235773,20.768004814732308,-66.29918221858678,0.4189669632281243,-0.4859948000519005,-0.32219072756457257,97.97481941323501,2.0,6.0
-2.6540413639441525,-5.159821181669269,8.427882125131024,51.953959647839326,20.17340726529268,-67.38201989559083,0.3523689913117969,-0.4157576021757882,-0.27051361498512694,98.01455505948294,2.0,6.0
-2.6355001232520308,-5.109902468099674,8.48778435444005,51.028120643323575,19.578809715854742,-68.4648575725918,0.28577101939565874,-0.3455204042998756,-0.21883650240582833,98.05429070573075,2.0,6.0
-2.426228282400506,-5.534995386416504,8.69071887522376,51.45822226263876,20.284378469614715,-66.86548721280946,0.22097318893441548,-0.3954613059237317,-0.28334336538851745,98.0940263519786,2.0,6.0
-2.36347333664538,-5.472953550631472,8.718530948454557,51.6544682762805,20.24946430507149,-67.04694242444921,0.188947935161618,-0.23897427970882967,-0.18399229307692405,98.13376199822655,2.0,6.0
-2.300718390890432,-5.410911714846616,8.746343021685275,51.85071428992168,20.21455014052837,-67.22839763608846,0.15692268138891152,-0.08248725349437241,-0.08464122076561302,98.17349764447437,2.0,6.0
-2.3773693431706886,-5.690392013197954,8.693324444550607,49.48909362222066,19.50503793494961,-68.28467381575462,0.2875131315489461,-0.19779755884837544,-0.1204326617835483,98.21323329072221,2.0,6.0
-2.345278762707218,-5.453634677534655,8.629143283623664,49.71862523461735,19.179395044018804,-68.52255467513007,0.26713342135145796,-0.08752879435231276,-0.0713030088064636,98.2529689369701,2.0,6.0
-2.313188182243837,-5.216877341872029,8.564962122696903,49.94815684701338,18.853752153088926,-68.76043553450485,0.24675371115402775,0.022739970143436535,-0.022173355829518543,98.29270458321795,2.0,6.0
-2.2810976017804574,-4.980120006209401,8.500780961770142,50.17768845940941,18.528109262159045,-68.99831639387963,0.2263740009565976,0.1330087346391859,0.026956297147426533,98.33244022946579,2.0,6.0
-2.2458892320954966,-4.991885387487272,8.459275077092894,50.09055286316062,19.956665973362313,-69.33875161177113,0.12441683568912948,0.1557095198661756,0.03424135548407624,98.37217587571372,2.0,6.0
-2.2302004956567596,-5.01684474427207,8.550554917562172,49.49346553711136,20.04870440452983,-69.34909722334339,0.14552439012484025,0.23759226370155037,0.06553876263431632,98.41191152196157,2.0,6.0
-2.2145117592180226,-5.041804101056867,8.64183475803145,48.896378211062085,20.14074283569735,-69.35944283491565,0.16663194456055103,0.3194750075369251,0.09683616978455642,98.4516471682094,2.0,6.0
-2.231074132161188,-4.77416085067253,8.466666293038607,49.782214353902575,19.55344473407675,-68.31410250898671,0.1909019216284946,0.5592065850071748,0.2187728047816482,98.4913828144572,2.0,6.0
-2.182581705288841,-4.928908746867287,8.729809203042777,50.37651630245109,19.45717142627627,-68.48865912672386,0.197452537654432,0.6789373627478849,0.2740891480892502,98.53111846070516,2.0,6.0
-2.134089278416632,-5.083656643061604,8.9929521130462,50.97081825099792,19.360898118476065,-68.66321574446052,0.20400315368035069,0.7986681404882544,0.32940549139669506,98.57085410695296,2.0,6.0
-2.1856972162602544,-5.308777922672846,9.5317121758521,51.833370518563406,17.383950157517145,-69.15127560715942,0.15835553330717375,0.7477557194778705,0.3006565523298025,98.6105897532008,2.0,6.0
-2.3154858248115304,-5.1526038065379005,9.55381881619104,52.5961990402934,17.55196119343666,-69.08105732541338,-0.017419422442677662,1.0337994587972708,0.37962791444390775,98.65032539944873,2.0,6.0
-2.4452744333624374,-4.9964296904033985,9.57592545652992,53.35902756202122,17.719972229355697,-69.01083904366753,-0.19319437819202953,1.3198431981158585,0.4585992765577885,98.69006104569658,2.0,6.0
-2.5750630419133453,-4.840255574268896,9.598032096868797,54.12185608374904,17.88798326527473,-68.94062076192168,-0.3689693339413814,1.605886937434446,0.5375706386716694,98.7297966919444,2.0,6.0
-3.290718583354859,-4.804835083380886,9.315047856787226,52.75289216752209,18.63917449927069,-67.45470356346569,-0.289641574279378,1.445623654725801,0.4558241869734549,98.76953233819235,2.0,6.0
-3.4568765728566606,-5.146421615973349,9.162439280966442,54.148876664591135,18.428653239963023,-67.24566309334259,-0.13169885005161636,1.511129850747775,0.47765959041581774,98.80926798444015,2.0,6.0
-3.623034562358463,-5.48800814856581,9.009830705145658,55.54486116166018,18.21813198065536,-67.03662262321949,0.026243874176145265,1.576636046769749,0.4994949938581808,98.849003630688,2.0,6.0
-4.51332678938474,-4.637965726429376,7.345025908358567,58.17048790402672,17.149820175121025,-64.88388381673465,0.026889982166741835,1.6457371346626049,0.5716989319528649,98.88873927693592,2.0,6.0
-4.703730956559859,-4.462537126118256,7.48551135719572,59.12404861874753,17.44522035593741,-64.22728080465029,0.07310824865382137,1.5176361195717791,0.5676957805956948,98.92847492318376,2.0,6.0
-4.894135123734979,-4.287108525807136,7.625996806032872,60.077609333468345,17.740620536753788,-63.57067779256592,0.11932651514090092,1.3895351044809532,0.5636926292385245,98.9682105694316,2.0,6.0
-5.12292037470356,-5.606781234006644,6.76987058327067,59.707318465611415,17.617282572012726,-64.22206713041192,-0.42754969756161254,1.5097825580237432,0.657965709834793,99.0,2.0,6.0
-5.242012152505303,-5.489115819196235,7.478716103291571,60.53399197330344,17.37037375472099,-63.31195345243164,-0.4894166580872449,1.78090543323789,0.8523007508813111,99.0,2.0,6.0
-5.361103930306708,-5.371450404386161,8.187561623310458,61.36066548099312,17.123464937429954,-62.401839774453954,-0.5512836186127013,2.0520283084512667,1.0466357919272768,99.0,2.0,6.0
-5.480195708108114,-5.253784989576088,8.896407143329345,62.1873389886828,16.876556120138925,-61.491726096476256,-0.6131505791381576,2.3231511836646432,1.2409708329732427,99.0,2.0,6.0
-5.991796996705161,-3.4391425194015586,7.539899432736669,62.254686991747946,15.86610181152154,-62.46244815743512,-1.2519769488285106,1.8875715470413528,0.9351984853728765,99.0,2.0,6.0
-6.64929753076218,-3.9725594200358394,5.990280292113077,63.675715891893134,15.693692753904507,-60.589246710903616,-0.9906799899054085,1.8409893632035048,1.1186158437711469,99.0,2.0,6.0
-7.306798064819199,-4.505976320670119,4.440661151489486,65.09674479203834,15.521283696287476,-58.71604526437212,-0.7293830309823061,1.7944071793656566,1.3020332021694176,99.0,2.0,6.0
-7.091308201970325,-5.212889215771231,5.872210859228457,66.66074892326893,16.074523297547927,-53.97789515981124,-0.5329062981400244,2.2531446050427215,1.3552744432140216,99.0,2.0,6.0
-7.509911984623754,-4.476945001904713,4.25841065781391,67.12259977623481,15.427472363710624,-54.268756918996765,-0.42409322212083633,2.0064045690322043,1.3923946185756213,99.0,2.0,6.0
-7.92851576727718,-3.7410007880381935,2.6446104563993615,67.5844506292007,14.78042142987332,-54.55961867818229,-0.31528014610164823,1.7596645330216862,1.429514793937221,99.0,2.0,6.0
-8.0755935645673,-4.528239701617543,1.9866525961228283,71.62693879408641,11.369426926030997,-50.243529511221325,0.2672792512627498,0.8123351792751041,1.088695703060243,99.0,2.0,6.0
-8.056339358148326,-3.981273377765501,2.1164412428207084,71.24830758375961,11.289656575574831,-50.093734150656275,0.15664655511111703,0.80542063695772,1.0846925695844665,99.0,2.0,6.0
-8.037085151729352,-3.4343070539134595,2.2462298895185886,70.86967637343281,11.209886225118664,-49.94393879009122,0.04601385895948423,0.7985060946403358,1.0806894361086896,99.0,2.0,6.0
-8.017830945310322,-2.8873407300598632,2.3760185362168373,70.49104516310493,11.130115874662277,-49.794143429525754,-0.06461883719246297,0.791591552322932,1.0766863026329014,99.0,2.0,6.0
-7.8554406778817665,-2.0677790280227115,2.3417888636341626,74.27776757145433,7.978134615819711,-48.3934208186332,0.33830778315459287,0.7136333900579559,1.412171043807738,99.0,2.0,6.0
-7.898228024721633,-1.567165739143772,2.5129386706103256,73.79167843723846,7.214926302832123,-47.83342310745206,0.23640925600929985,0.745658636678105,1.412898895943634,99.0,2.0,6.0
-7.941015371561619,-1.06655245026341,2.6840884775869744,73.30558930302122,6.4517179898423676,-47.27342539626934,0.13451072886371715,0.7776838832983451,1.413626748079532,99.0,2.0,6.0
-8.124837209957251,-1.6544275821167356,2.848989241867354,73.39077136516985,8.37969881186102,-47.53869105534744,-0.5868006895199749,0.8217158164277699,1.5323110939616482,99.0,2.0,6.0
-8.297413103359194,-1.509663378091599,2.688536265640693,73.51284503460334,7.37061853537268,-47.36636954503265,-0.5595064471379501,0.7955133356347945,1.436599233304997,99.0,2.0,6.0
-8.469988996761137,-1.364899174066462,2.528083289414033,73.63491870403683,6.361538258884341,-47.194048034717866,-0.5322122047559252,0.769310854841819,1.3408873726483457,99.0,2.0,6.0
-8.530984737427985,0.22653260087892851,2.561286424469725,72.11902924891704,3.2977206598069446,-44.40001798132953,-0.05476717079296151,0.7356741520266834,1.2879881425364224,99.0,2.0,6.0
-8.752053119690968,0.1794663987152751,2.469293397736411,72.82711022730996,2.350435503557806,-43.81932675818554,-0.14247268760806728,0.7440443983178365,1.193368095920908,99.0,2.0,6.0
-8.97312150195395,0.1324001965516216,2.377300371003096,73.53519120570286,1.4031503473086675,-43.23863553504154,-0.23017820442317308,0.7524146446089894,1.0987480493053936,99.0,2.0,6.0
-9.19418988421756,0.08533399438783433,2.2853073442695195,74.24327218409779,0.4558651910568368,-42.65794431189588,-0.3178837212385281,0.7607848909001662,1.0041280026896102,99.0,2.0,6.0
-9.07356641923,0.325690518102343,1.9369381632021403,74.06084745117246,2.1753574505582556,-43.177301761186925,-0.47318485972199453,0.7767409473314617,1.0372416948122267,99.0,2.0,6.0
-9.2247487751106,0.2622224576089315,1.8948638166598204,74.0283144826514,0.9231666699197459,-42.32523038057247,-0.4346089791945333,0.7854751020326866,1.0379695469481227,99.0,2.0,6.0
-9.37593113099163,0.1987543971153396,1.8527894701173804,73.99578151413021,-0.3290241107223224,-41.473158999955594,-0.39603309866696246,0.7942092567339363,1.0386973990840207,99.0,2.0,6.0
-9.418189677879027,0.5771626387044041,1.6604693856772963,72.53234595880706,0.9864828204358138,-42.09448120248362,-0.6027783287680283,0.8605341410391416,1.1344232762495314,99.0,2.0,6.0
-9.465255675002703,0.6456225738926353,1.4386877313195878,73.09411494836954,-0.3619801617406944,-41.41697097909557,-0.6391706694280903,0.9074802660696163,1.3021919263043105,99.0,2.0,6.0
-9.512321672126514,0.7140825090810611,1.2169060769612488,73.65588393793361,-1.7104431439210348,-40.73946075570559,-0.6755630100882559,0.9544263911002248,1.4699605763595662,99.0,2.0,6.0
-9.607087467523154,-0.10919868240543136,1.5453496894422292,74.71664548930404,-1.6985761561314183,-39.76668110215332,-0.4640659929499433,0.9146464680529285,1.4031608704043848,99.0,2.0,6.0
-9.534349006028775,0.5575724815343919,1.2287225303238651,74.29712751445093,-3.0432419886497266,-39.31953010880656,-0.4975469351992109,0.940848948845904,1.4828600576830595,99.0,2.0,6.0
-9.461610544534393,1.2243436454742151,0.9120953712055008,73.8776095395978,-4.387907821168035,-38.8723791154598,-0.5310278774484786,0.9670514296388794,1.5625592449617347,99.0,2.0,6.0
-9.388872083039809,1.8911148094159331,0.5954682120862365,73.45809156474347,-5.732573653690165,-38.42522812211177,-0.5645088196978414,0.9932539104319292,1.6422584322406364,99.0,2.0,6.0
-9.441805732112694,1.7951045270701826,0.4601350719844318,72.8749356566488,-5.93880269114347,-39.63334047059223,-0.412997685077553,0.8319601418182551,1.379333592989966,99.0,2.0,6.0
-9.300607173305453,3.010981373382553,-0.3093259875851808,72.51926945791865,-7.698388872782495,-38.34630098084731,-0.08255529463595912,0.5451885582613869,0.8472776618991411,99.0,2.0,6.0
-9.159408614497805,4.22685821969838,-1.0787870471569807,72.16360325918748,-9.45797505442652,-37.05926149109872,0.2478870958065741,0.25841697470370384,0.3152217308068044,99.0,2.0,6.0
-9.057155391154383,6.134047344646948,-2.19848789199143,71.72295853829324,-9.324307054119727,-37.57045884202473,0.2167252050240412,0.3427495479748553,0.5036976763665844,99.0,2.0,6.0
-9.050024024424657,6.138326136193766,-2.1143391989067895,71.74795171713767,-9.456967357235449,-37.04395360063116,0.13047537668549658,0.18589859964125777,0.11903069943822324,99.0,2.0,6.0
-9.042892657694905,6.142604927740594,-2.0301905058219103,71.77294489598216,-9.589627660351551,-36.517448359236106,0.04422554834670683,0.02904765130721437,-0.2656362774912311,99.0,2.0,6.0
-9.035761290965175,6.1468837192874135,-1.94604181273727,71.79793807482659,-9.722287963467277,-35.99094311784254,-0.042024279991837776,-0.12780329702638316,-0.650303254419592,99.0,2.0,6.0
-9.869524344345264,4.907895811099471,-0.9037503245811369,70.47132027769855,-10.475731557321575,-35.82533062007806,0.3330673828729963,-0.09622725396930489,-0.47296977221456366,99.0,2.0,6.0
-10.065633658310489,4.232567213075705,-0.6163612369035794,71.07397149229934,-10.559301360559653,-35.44517372157879,0.19040943533243743,-0.10641710906804892,-0.4929855555245389,99.0,2.0,6.0
-10.261742972275153,3.5572386150538584,-0.3289721492268388,71.67662270689839,-10.642871163797492,-35.0650168230806,0.047751487792283935,-0.11660696416676404,-0.5130013388344572,99.0,2.0,6.0
-10.177707490040063,3.533848410497976,-0.25733568870363066,72.57148898664101,-9.769818594337448,-36.03402130856718,-0.27229094364562934,-0.14468778145600675,-0.3369500614061461,99.0,2.0,6.0
-10.072165202213323,3.3020830448969423,-0.2430732043915456,72.75109334531446,-9.659369528175127,-36.18726368680234,-0.11216467716582768,-0.223659143570112,-0.45267768629955824,99.0,2.0,6.0
-9.96662291438688,3.0703176792965667,-0.22881072007950104,72.93069770398739,-9.548920462013117,-36.34050606503706,0.04796158931351885,-0.30263050568399286,-0.5684053111926415,99.0,2.0,6.0
-9.557080984524063,2.409990619232002,-0.39212762414476066,71.76220707258388,-9.13668195340032,-36.580852183143406,-0.326253327754154,-0.1267286410053624,-0.3350112022790218,99.0,2.0,6.0
-9.536400561741123,2.58256664614884,-0.4334888321068767,71.8863089402599,-8.598607841460803,-37.01927190665501,-0.27821544590286484,-0.2289910998068296,-0.5111500992215009,99.0,2.0,6.0
-9.515720138958244,2.7551426730651865,-0.4748500400688752,72.01041080793556,-8.060533729522817,-37.45769163016535,-0.23017756405171225,-0.3312535586080061,-0.6872889961634794,99.0,2.0,6.0
-9.495039716175366,2.927718699981533,-0.5162112480308737,72.13451267561123,-7.522459617584831,-37.896111353675686,-0.18213968220055968,-0.43351601740918255,-0.8634278931054578,99.0,2.0,6.0
-9.77637594144658,2.6563102967944827,-0.3178826072468709,73.41021496027206,-8.224564063426559,-37.74971171606085,0.39484495518590057,-0.6514345808784764,-1.3221323662188187,99.0,2.0,6.0
-9.932550334147075,2.6456134600844856,-0.325726966525565,73.9518020269235,-7.888979689951791,-38.02453891027525,0.6328508221907552,-0.7420514841837053,-1.4636985569386969,99.0,2.0,6.0
-10.08872472684713,2.634916623374519,-0.3335713258042367,74.49338909357341,-7.553395316477971,-38.29936610448886,0.8708566891949331,-0.8326683874886764,-1.6052647476581725,99.0,2.0,6.0
-9.610477973832346,1.5539207500884866,0.10998050209374238,73.95404931339742,-5.156895340203183,-37.547169765971006,0.6392848102227947,-0.7446415529244563,-1.5060721198711835,99.0,2.0,6.0
-9.61689623238014,0.6004735607555891,0.60845439430662,73.98102066311367,-3.913175476309177,-38.769050182843486,0.5763260785713669,-0.9320620546338029,-1.6520053569472715,99.0,2.0,6.0
-9.623314490927918,-0.35297362857459813,1.1069282865180805,74.00799201282982,-2.6694556124187065,-39.990930599712485,0.513367346920118,-1.1194825563426167,-1.7979385940229444,99.0,2.0,6.0
-9.622874733618167,-0.305561796782548,0.6820586414018374,75.05684541141795,-3.716229286685844,-39.26850386486996,0.05770193947858736,-1.3148889891639068,-2.1261270890096102,99.0,2.0,6.0
-9.510201079061673,-0.5886721292721089,1.2126230640102846,75.32094272053101,-1.2425253682240323,-40.96919966565449,0.11374613179284362,-1.2901421944632363,-2.0267759976245308,99.0,2.0,6.0
-9.397527424505505,-0.8717824617608649,1.743187486617224,75.58504002964331,1.2311785502307488,-42.669895466434205,0.1697903241069406,-1.2653953997626364,-1.9274249062397328,99.0,2.0,6.0
-9.284853769949331,-1.1548927942496212,2.273751909224164,75.84913733875561,3.7048824686855304,-44.370591267213904,0.2258345164210376,-1.2406486050620364,-1.828073814854936,99.0,2.0,6.0
-8.745596101363486,-2.039698930395504,2.7760737197410927,73.3778863608873,2.433768008695577,-42.01306387798781,-0.1452622139693995,-0.863514964235136,-1.2760552518137882,99.0,2.0,6.0
-8.486019017776073,-2.342063604009731,2.91370673823462,72.91244751811429,4.448732760891009,-43.84040579693145,-0.05391745688940447,-0.7739898272875856,-1.1497738473186638,99.0,2.0,6.0
-8.226441934188662,-2.644428277623958,3.0513397567281473,72.44700867534128,6.463697513086443,-45.6677477158751,0.0374273001905906,-0.6844646903400352,-1.0234924428235392,99.0,2.0,6.0
-8.172921629102417,-2.5161272996254223,3.1009530238741525,73.68172392732738,5.967688601534679,-47.174165406558174,-0.022705063511845997,-0.8416065970837987,-1.2917979219876283,99.0,2.0,6.0
-8.192176119239553,-2.551070384342287,3.0096731071106704,73.65673074848289,6.1003477602416005,-47.70066835913487,-0.07074294536313512,-0.7357049075541751,-1.1331273439843923,99.0,2.0,6.0
-8.211430609376636,-2.5860134690590524,2.9183931903474476,73.63173756963843,6.233006918948145,-48.22717131171008,-0.11878082721428772,-0.6298032180248524,-0.9744567659816067,99.0,2.0,6.0
-8.215755585306466,-2.414328134048487,2.829644854873171,71.9457369408228,9.01704718100728,-48.837082909960635,-0.0899736626979795,-0.6786762024362281,-0.908406444186074,99.0,2.0,6.0
-8.072417563074131,-2.3879424905662274,2.974409020751746,71.51995702596602,9.377605385658857,-48.41774231852916,-0.12563815196730505,-0.6226320053536002,-0.9073146837146087,99.0,2.0,6.0
-7.929079540842206,-2.361556847084043,3.119173186629911,71.09417711111044,9.738163590309409,-47.99840172709887,-0.1613026412365292,-0.5665878082711316,-0.9062229232431463,99.0,2.0,6.0
-7.785741518610282,-2.335171203601859,3.263937352508075,70.66839719625487,10.09872179495996,-47.57906113566858,-0.19696713050575332,-0.5105436111886631,-0.9051311627716842,99.0,2.0,6.0
-8.334366730373452,-3.034462787845526,3.5293622125115967,72.92127781514665,9.611698685904814,-49.593297429741035,-0.32497626317366934,-0.461668654062994,-0.9609237412249203,99.0,2.0,6.0
-8.402826827686319,-2.9374778673439046,3.4773041738000967,72.46772621755187,10.100680047293528,-49.88536882942948,-0.4545329667410565,-0.4667635834004909,-0.9707496742044952,99.0,2.0,6.0
-8.471286924999182,-2.8404929468422844,3.4252461350885963,72.01417461995707,10.589661408682243,-50.177440229117934,-0.5840896703084434,-0.47185851273798773,-0.9805756071840701,99.0,2.0,6.0
-8.837466071540307,-4.822530776166334,3.872587090116432,71.22808931047999,14.389692841973204,-51.39579068198004,-0.2273807725612721,-0.5108801019170736,-1.0563811953778877,99.0,2.0,6.0
-8.801809807712063,-4.586486560010544,3.7998484140453304,71.00133624727829,14.719570046867924,-50.97299851431685,-0.3081717595759691,-0.5665603816487734,-1.1207956298108124,99.0,2.0,6.0
-8.766153543883819,-4.350442343854752,3.7271097379742297,70.77458318407659,15.049447251762643,-50.55020634665365,-0.38896274659066615,-0.6222406613804733,-1.185210064243737,99.0,2.0,6.0
-8.482361032827226,-5.973490934894412,3.5002570436531406,69.78672519236991,15.97758838625918,-50.69472375001052,-0.2652598606074027,-0.5611213407683909,-1.1850088123701719,99.0,2.0,6.0
-8.100839617117122,-5.9192934279898575,3.7633998773626174,68.46212771922659,17.158041419705373,-51.442456828012766,-0.3238515220605965,-0.72888999082317,-1.2057524399183708,99.0,2.0,6.0
-7.719318201407022,-5.865095921085306,4.026542711072096,67.13753024608326,18.338494453151565,-52.19018990601501,-0.3824431835137903,-0.8966586408779491,-1.2264960674665697,99.0,2.0,6.0
-7.337796785695836,-5.810898414180599,4.289685544782321,65.81293277293616,19.518947486601117,-52.937922984019394,-0.44103484496715056,-1.0644272909332049,-1.2472396950148275,99.0,2.0,6.0
-7.752763255783517,-5.802869507211921,3.8310408970980334,66.4575401702396,17.459690638168496,-52.87999877647157,0.3493723127931675,-1.0541065544413286,-1.4002790761770187,99.0,2.0,6.0
-7.195813068100917,-6.031782509225872,4.220406741824242,65.55043239741327,18.437655039412725,-53.46414382651986,0.19834412790255773,-1.0053408331202671,-1.2285072446647238,99.0,2.0,6.0
-6.6388628804183165,-6.260695511239824,4.6097725865504495,64.64332462458694,19.41561944065695,-54.04828887656816,0.047315943011948025,-0.9565751117992056,-1.0567354131524287,99.0,2.0,6.0
-6.614013941442916,-6.622889037465363,4.855486161221068,63.10303911071716,21.737579923702672,-54.83808331636742,-0.13046133188649323,-0.9867673768437863,-1.094970678796516,99.0,2.0,6.0
-6.394371626532227,-6.644282710885296,4.856912377733985,62.867941340026455,22.054753061367176,-54.970011464636954,-0.09880000261711283,-0.9638402118123744,-0.9890689701937072,99.0,2.0,6.0
-6.174729311621538,-6.665676384305229,4.858338594246902,62.632843569335755,22.371926199031684,-55.10193961290648,-0.06713867334773245,-0.9409130467809619,-0.8831672615908982,99.0,2.0,6.0
-5.955086996710224,-6.687070057725222,4.859764810759824,62.39774579864438,22.68909933669709,-55.23386776117639,-0.03547734407826207,-0.9179858817494845,-0.7772655529877883,99.0,2.0,6.0
-5.531319251893091,-6.256258782226479,5.103814511326593,63.76431398190643,22.97123586190212,-55.03152839670825,0.5918036516176296,-1.0279983861869704,-0.6632107636278345,99.0,2.0,6.0
-5.236085773347217,-5.836228531677545,5.490327839878489,63.15887857236109,23.05057021630268,-55.596594352823445,0.7199046571717124,-1.0239952527111935,-0.6239070483988358,99.0,2.0,6.0
-4.940852294800504,-5.416198281127416,5.876841168431482,62.55344316281401,23.129904570703474,-56.16166030894027,0.8480056627261591,-1.0199921192354051,-0.5846033331697256,99.0,2.0,6.0
-5.217408041169126,-7.274515563507943,5.42447902339894,60.58329880683007,24.21184403600056,-59.73969947944271,0.6424031754795864,-1.0142062744360003,-0.5951209330343591,99.0,2.0,6.0
-4.902207101990945,-7.290917479058159,5.753229290427451,60.207450685187354,24.13630799474086,-59.40499733100552,0.4626250382727185,-0.9749025782804882,-0.559456443765135,99.0,2.0,6.0
-4.587006162811869,-7.307319394608422,6.081979557456895,59.83160256354356,24.06077195348095,-59.07029518256737,0.2828469010653398,-0.935598882124864,-0.5237919544958094,99.0,2.0,6.0
-4.475994961156646,-6.339206872037259,6.390519136762736,58.10073299627037,24.119201669562937,-60.32835027754829,0.829901867570791,-0.965492349282277,-0.4669618048447009,99.0,2.0,6.0
-4.366173879995246,-6.293566951802621,6.272140468931423,57.72204948644406,23.86865879999529,-61.31620382368997,0.700345164003404,-1.0080713802728387,-0.45422449014363214,99.0,2.0,6.0
-4.256352798833848,-6.247927031567982,6.153761801100109,57.34336597661773,23.61811593042765,-62.304057369831646,0.5707884604360168,-1.0506504112634003,-0.4414871754425634,99.0,2.0,6.0
-4.146531717672136,-6.202287111333214,6.03538313326846,56.96468246679035,23.367573060859296,-63.291910915976125,0.4412317568682616,-1.0932294422540831,-0.4287498607414585,99.0,2.0,6.0
-3.38529531864568,-6.153708477576277,6.97820914598748,54.86290272948349,22.329110419543376,-63.24565978391356,0.7284833565993198,-1.077862937347223,-0.480265328176244,98.98225500934365,2.0,6.0
-3.231973642391547,-5.756498241980936,7.112989724600638,53.91490819213084,22.04218056419696,-63.53244468076389,0.8482141248029462,-1.1102521275441843,-0.5039203445984942,98.96238718621974,2.0,6.0
-3.0786519661369782,-5.359288006384464,7.247770303214179,52.96691365477549,21.75525070884972,-63.81922957761503,0.967944893006913,-1.1426413177412382,-0.5275753610208116,98.94251936309577,2.0,6.0
-3.088973173413801,-5.610267315687804,7.385628734820637,54.391102129916256,22.70456839444271,-64.0418962550073,0.4277573750519286,-1.0916413988688924,-0.5253982748065014,98.92265153997184,2.0,6.0
-2.6881973402842823,-5.782130242170802,8.082351070635433,53.30230498025904,21.854156254550908,-64.99970432995761,0.4579630086921905,-1.0552490582088303,-0.5010154141459705,98.90278371684792,2.0,6.0
-2.2874215071536246,-5.953993168654288,8.77907340645221,52.213507830598736,21.003744114656683,-65.95751240491063,0.4881686423325381,-1.0188567175486647,-0.4766325534853705,98.88291589372396,2.0,6.0
-2.1306524403376645,-6.754312315183105,8.756012215358966,52.93412670561241,22.35352744771941,-65.15485758672065,0.2558331493050163,-0.2841252452492192,0.0421119999217944,98.86304807060003,2.0,6.0
-2.136357448248388,-6.842739725308757,8.851570992214349,52.21010212370389,21.732484929104256,-66.0493414581798,0.3864816192298242,-0.08105601612342736,0.17931108706461396,98.84318024747614,2.0,6.0
-2.1420624561591275,-6.93116713543466,8.947129769070001,51.48607754179331,21.11144241048733,-66.94382532964148,0.5171300891550035,0.12201321300294164,0.31651017420782346,98.82331242435215,2.0,6.0
-2.1477674640698505,-7.019594545560312,9.042688545925383,50.762052959884784,20.490399891872176,-67.83830920110063,0.6477785590798115,0.3250824421287335,0.45370926135064293,98.80344460122825,2.0,6.0
-2.1516018116635487,-6.09358575202232,9.065552346693105,49.17614372724529,20.258791227438785,-67.62307963881638,-0.11956445368892984,0.06484657448045586,0.18884980329206577,98.78357677810433,2.0,6.0
-2.31419418455815,-5.218582318793088,8.534987885937682,49.75380402082551,20.30788172254844,-67.76942798171217,-0.05151079329603706,0.15655525367985185,0.19867573209934336,98.76370895498036,2.0,6.0
-2.4767865574522894,-4.3435788855663455,8.00442342518377,50.33146431440409,20.35697221765795,-67.91577632460755,0.01654286709666225,0.2482639328789872,0.20850166090659303,98.74384113185644,2.0,6.0
-2.3919952773494995,-5.341115322523956,8.296988768369443,52.20479420910913,18.896616361744368,-68.57144814152927,0.49576571853584805,0.39006678800765393,0.41754042802637614,98.72397330873255,2.0,6.0
-2.537406501715015,-5.0018225673963475,7.908512625485392,52.362169211016784,19.314544218190488,-67.92893906254854,0.3662678948203879,0.32386284094026524,0.3189620321826798,98.70410548560858,2.0,6.0
-2.682817726080117,-4.662529812269702,7.520036482602444,52.51954421292399,19.732472074635425,-67.28642998356962,0.2367700711052957,0.2576588938730648,0.2203836363392636,98.68423766248466,2.0,6.0
-2.7110785390444305,-4.577926232571069,7.3890754320151615,52.10015746699066,18.768804044864837,-67.6066669311865,0.0024240757398829383,-0.001709747923370833,-0.02599509020448685,98.66436983936073,2.0,6.0
-2.6276430322238276,-4.686321103329027,7.723530883980191,51.671596752269366,19.12512568487916,-67.37223764804462,-0.019047400814968137,-0.0166306048760245,-0.05037795563338923,98.64450201623683,2.0,6.0
-2.544207525402988,-4.794715974087293,8.057986335946168,51.24303603754687,19.48144732489449,-67.13780836490207,-0.04051887736988024,-0.031551461828720574,-0.07476082106236091,98.62463419311287,2.0,6.0
-2.460772018582385,-4.9031108448452505,8.392441787911197,50.814475322825565,19.837768964908815,-66.90337908176019,-0.06199035392473132,-0.04647231878137424,-0.0991436864912633,98.60476636998897,2.0,6.0
-2.5839414727079344,-4.919061455720048,8.289278065663916,51.8179295733227,19.72877402167328,-67.78759658997166,-0.19240306130145257,0.2041296372291685,-0.13688405383155594,98.58489854686503,2.0,6.0
-2.482677825628271,-4.993939523690469,8.545289608938337,52.42058078792348,19.64520592551223,-67.40744198029074,-0.2833838962625659,0.33950912331341454,-0.0855708633712517,98.56503072374109,2.0,6.0
-2.381414178548895,-5.068817591660676,8.80130115221203,53.023232002522526,19.56163782935141,-67.02728737061092,-0.37436473122342073,0.4748886093972758,-0.0342576729110933,98.54516290061716,2.0,6.0
-2.035620937342169,-6.190849838586868,10.019915395222794,51.036427595946165,19.006712124608935,-67.95151533989984,-0.3215632363488072,0.39623584992744654,-0.07350860715345219,98.52529507749325,2.0,6.0
-2.460642986293186,-6.399795246454703,9.525007214985022,51.611357100341806,19.2223408248657,-67.14512152581136,-0.3830662699869265,0.7092099214307369,0.05895949244092002,98.50542725436927,2.0,6.0
-2.8856650352429942,-6.608740654321944,9.030099034748655,52.186286604735805,19.43796952512185,-66.33872771172518,-0.4445693036248711,1.022183992933138,0.19142759203491577,98.48555943124536,2.0,6.0
-2.930409316456113,-6.33177979179714,9.307250080639312,54.041190570659616,19.911729753180044,-66.62686902653212,-0.6149099693775466,1.8560361916138484,0.7700150354849099,98.46569160812145,2.0,6.0
-3.4581211847432654,-6.240499808276455,8.251112919382388,55.0058836401195,20.224068315192365,-65.23064344059193,-0.47771089177108017,1.8549443956031133,0.8100466021048603,98.44582378499747,2.0,6.0
-3.985833053028919,-6.149219824756031,7.194975758128468,55.97057670957663,20.5364068772038,-63.8344178546557,-0.34051181416500387,1.853852599592382,0.8500781687246971,98.42595596187357,2.0,6.0
-4.51354492131457,-6.057939841235606,6.138838596874545,56.93526977903376,20.848745439215236,-62.43819226871946,-0.20331273655892745,1.8527608035816503,0.8901097353445336,98.40608813874964,2.0,6.0
-4.165899226388111,-6.9995022194390435,7.788845478602285,55.726900738228565,20.137310360229954,-65.4360551904712,0.8094901202834409,1.4438852516608511,0.7180400469345736,98.38622031562572,2.0,6.0
-4.82197359772727,-6.737785662889466,7.820222951479848,57.3302613339348,19.90881388500978,-64.66884739628026,0.8604393981613468,1.3230627170994604,0.6969324948829885,98.36635249250176,2.0,6.0
-5.478047969064564,-6.476069106340631,7.851600424357321,58.93362192963647,19.680317409790263,-63.901639602091485,0.9113886760391081,1.202240182538413,0.6758249428314635,98.34648466937784,2.0,6.0
-5.256839302241574,-4.963694179724952,5.436314943094282,62.24686791753429,17.421211661735473,-61.36138381638716,0.5545980809942735,0.9852084719505703,0.5564581818317734,98.32661684625393,2.0,6.0
-5.518555858791152,-5.094195974540267,6.300621583720953,62.20801389312397,17.703470649162778,-61.67477172532331,0.4177629064334623,1.1147651945918116,0.5553664036279262,98.30674902312995,2.0,6.0
-5.780272415339986,-5.2246977693552115,7.164928224345167,62.16915986871376,17.985729636589276,-61.988159634258565,0.2809277318730398,1.2443219172326851,0.5542746254240822,98.28688120000605,2.0,6.0
-6.04198897188882,-5.355199564170157,8.029234864969382,62.130305844303535,18.267988624015775,-62.30154754319384,0.1440925573126174,1.3738786398735583,0.5531828472202382,98.26701337688212,2.0,6.0
-6.20185351693429,-4.2238313692553096,6.987818086853324,63.3479095270188,16.198031793484407,-61.503618553261546,0.6122345576458355,1.2673949896419017,0.6807889129279123,98.24714555375817,2.0,6.0
-6.303830264447014,-4.682370187614268,6.408761270752776,64.35140089054327,16.057338863262977,-60.93165402231724,0.34911798812703176,1.277220904740083,0.7448394204733253,98.22727773063424,2.0,6.0
-6.405807011959739,-5.140909005973225,5.829704454652228,65.35489225406775,15.916645933041549,-60.359689491372926,0.08600141860822817,1.2870468198382643,0.808889928018738,98.20740990751034,2.0,6.0
-6.5507303881047605,-4.4527046080648045,5.98538262926139,65.29939569462783,16.162574965610467,-59.2596231398335,-0.33395954930468,1.4347215659687875,0.8198958073723982,98.18754208438637,2.0,6.0
-6.5799685358403295,-4.158184229952279,5.597442947254907,65.75295186985936,15.67359360422175,-58.96755400988992,-0.2764596685140219,1.4696582205364743,0.8850380765068606,98.16767426126243,2.0,6.0
-6.609206683575899,-3.8636638518397537,5.209503265248424,66.20650804509089,15.184612242833037,-58.67548487994634,-0.2189597877233637,1.5045948751041611,0.9501803456413229,98.14780643813855,2.0,6.0
-7.142859313153359,-3.255548225480244,4.772926913168432,66.85675125784363,14.28750200407042,-55.98681180896984,-0.08036287329389073,1.341760819781668,0.871929231244926,98.12793861501456,2.0,6.0
-7.373198382519603,-2.881158004838494,4.214550677207026,67.69171715444932,13.88252531187108,-55.65963128986613,-0.16952408812230085,1.4443871911652415,0.97564739759615,98.10807079189064,2.0,6.0
-7.60353745188585,-2.506767784196745,3.656174441245621,68.526683051055,13.477548619671744,-55.33245077076242,-0.258685302950711,1.5470135625488153,1.0793655639473743,98.08820296876672,2.0,6.0
-7.83387652125275,-2.1323775635539315,3.097798205282627,69.36164894766306,13.072571927471252,-55.00527025165779,-0.34784651777937453,1.6496399339326806,1.183083730298893,98.06833514564275,2.0,6.0
-6.870380902998786,-3.0622448970656246,4.16118909876489,69.13351444617405,11.940038331221707,-52.23737342709856,-0.5710022076723484,1.566905878727822,1.3151431876999915,98.04846732251886,2.0,6.0
-7.328206754438798,-2.6279522563799853,3.4402204708358575,69.37417837515942,11.631334374617984,-51.73562946195009,-0.5291510304568104,1.4271593367510205,1.323149490414332,98.02859949939494,2.0,6.0
-7.7860326058788125,-2.1936596156943446,2.7192518429068255,69.6148423041448,11.32263041801426,-51.23388549680162,-0.48729985324127223,1.2874127947742187,1.3311557931286728,98.00873167627103,2.0,6.0
-8.139411737345274,-1.8571646058129905,2.617765586441488,73.32061107565654,8.968318954203092,-47.58016108955263,-0.7739671392664847,1.4041697998638345,1.3697545872503532,98.01113646358412,2.0,6.0
-8.628614923379985,-1.8065327488947016,2.318966491287951,73.38718679358254,8.386862617228521,-47.693012385023714,-0.6036510153042374,1.159977237760785,1.2689478264624812,98.03100488871495,2.0,6.0
-9.117818109414696,-1.7559008919764127,2.0201673961344135,73.45376251150849,7.805406280253954,-47.80586368049481,-0.43333489134198994,0.9157846756577358,1.1681410656746092,98.05087331384577,2.0,6.0
-8.866579770567753,-1.7516089181530168,1.5487067084402326,71.75583503537804,7.519336138286267,-45.86682458993078,-0.20166536122493825,0.9881322461053024,1.2190715500752571,98.07074173897664,2.0,6.0
-9.163952435972755,-1.4135880212417031,1.6563884692280983,72.85089645200303,6.664526033916927,-44.88120836373538,-0.17873819142515443,0.9000628071710561,1.131729964916035,98.09061016410749,2.0,6.0
-9.461325101377762,-1.0755671243303895,1.7640702300159643,73.94595786862801,5.809715929547587,-43.89559213754,-0.15581102162537058,0.8119933682368101,1.0443883797568128,98.11047858923833,2.0,6.0
-9.758697766783609,-0.7375462274181152,1.8717519908041365,75.0410192852561,4.954905825175818,-42.9099759113418,-0.1328838518255216,0.7239239293023138,0.9570467945973422,98.1303470143692,2.0,6.0
-9.899305722474526,-0.613170025131456,1.8931247916755627,75.01477509132972,4.804633482099124,-44.30627361543821,-0.6704208178704913,0.7216831715123511,0.9826917341355885,98.1502154395,2.0,6.0
-9.972757575272922,-0.889862243911722,1.93020723729702,74.96559364430067,3.697807615400912,-43.42599163301713,-0.5324938864893912,0.7504331190602375,1.0110777547959628,98.17008386463087,2.0,6.0
-10.046209428071524,-1.1665544626927744,1.9672896829185815,74.91641219727147,2.590981748699554,-42.54570965059356,-0.39456695510789913,0.7791830666082059,1.0394637754564182,98.18995228976173,2.0,6.0
-9.788846968512766,-0.7689297261595713,1.5020343973633543,74.83842541511285,1.6934308243963136,-41.89778001747166,-0.5241051658974188,0.7509624703533073,1.0511968250818164,98.20982071489254,2.0,6.0
-9.730370954375552,-0.7560934939742193,1.3893607428071824,74.73096748168705,1.0099917985180291,-41.487573108292345,-0.4356717953072893,0.7262156756527075,1.050832916783503,98.22968914002335,2.0,6.0
-9.671894940238337,-0.7432572617888672,1.2766870882510106,74.62350954826125,0.32655277263974436,-41.07736619911304,-0.34723842471715977,0.7014688809521074,1.05046900848519,98.2495575651542,2.0,6.0
-9.657582180251955,-0.18159778766574763,1.0381683540527655,75.05551402575328,0.5614541755342676,-41.10061761071757,-0.34041110384000783,0.6496735617045297,1.0791427971057155,98.26942599028509,2.0,6.0
-9.71035361026747,0.07869256801638867,0.9497409439271136,74.89534121996729,0.3098739181187249,-40.79068127801521,-0.3120250831796333,0.6587716426972201,1.0944275857142525,98.28929441541592,2.0,6.0
-9.763125040282986,0.338982923698525,0.8613135338014618,74.73516841418132,0.05829366070318221,-40.48074494531286,-0.2836390625192587,0.6678697236899106,1.1097123743227897,98.30916284054672,2.0,6.0
-9.815896470298654,0.5992732793814011,0.7728861236755584,74.57499560839486,-0.19328659671307544,-40.170808612609626,-0.25525304185880343,0.6769678046826269,1.12499716293137,98.3290312656776,2.0,6.0
-9.576950919944883,-0.03716291049777762,1.025576516883029,74.44971005133513,-2.3475322559873923,-39.47769984005538,-0.33090925636048013,0.8139465226862764,1.3035255041052052,98.34889969080845,2.0,6.0
-9.571958878059037,0.2666280212036063,0.9022060029671256,74.88940083197438,-2.686916067937767,-38.97250658749236,-0.3090738600706745,0.878724864933227,1.3588418760228795,98.36876811593928,2.0,6.0
-9.566966836173174,0.5704189529058535,0.7788354890508715,75.32909161261486,-3.0262998798891068,-38.467313334927915,-0.28723846378080686,0.9435032071803614,1.414158247940711,98.38863654107016,2.0,6.0
-9.469629400777473,2.6452518100579088,-0.32604539302682944,74.40456895712806,-6.206320803910784,-36.283569073504594,-0.24349850148674265,0.8126913711210406,1.3271508280238766,98.40850496620098,2.0,6.0
-9.438965178537057,2.782171642287399,-0.46724399951778983,73.77697915915499,-5.81931877449219,-36.05258226854264,-0.2303972610902549,0.7115206882140283,1.1983219591580268,98.4283733913318,2.0,6.0
-9.408300956296545,2.919091474517278,-0.6084426060091517,73.14938936118014,-5.432316745072497,-35.82159546358004,-0.21729602069373,0.6103500053067281,1.0694930902918112,98.44824181646268,2.0,6.0
-9.70489309673811,4.496584624390383,-1.7918332727984485,74.12243818461637,-7.249965954501854,-34.71936913126947,-0.6318937489964097,0.9503224885688921,1.4887387110213055,98.46811024159351,2.0,6.0
-9.63358056908162,4.667734431366545,-1.885252548082177,73.81038271128902,-7.911193752963168,-34.68242279166226,-0.3709607312659343,0.6519053399790756,0.869705126427142,98.48797866672433,2.0,6.0
-9.562268041424929,4.838884238343195,-1.978671823366171,73.49832723796078,-8.572421551426359,-34.64547645205495,-0.11002771353471708,0.35348819138841103,0.25067154183121926,98.50784709185521,2.0,6.0
-9.490955513768435,5.010034045319358,-2.0720910986498993,73.1862717646334,-9.233649349887672,-34.608530112447745,0.1509053041957585,0.05507104279859454,-0.3683620427629444,98.52771551698606,2.0,6.0
-9.741445256369046,4.665875318157063,-1.319374354271864,71.58692268660734,-9.491185710229129,-33.09724170881611,0.1597735796430088,-0.14938360821546992,-0.8143041929377177,98.54758394211689,2.0,6.0
-9.881930705206596,3.4813759590239144,-0.9870584515612608,72.07857799819276,-8.719508845603613,-33.28742815214533,0.07097628693348662,-0.11590266358192132,-0.6676430830131179,98.56745236724775,2.0,6.0
-10.022416154043748,2.296876599894132,-0.6547425488516021,72.57023330977678,-7.9478319809802915,-33.47761459547401,-0.01782100577578319,-0.0824217189484679,-0.5209819730889349,98.58732079237856,2.0,6.0
-9.62341523798088,2.623661366233866,-0.7350887138145702,71.32932931348844,-9.318783856649617,-34.72938162365777,-0.06309054124352897,-0.2117795671351666,-0.9554991106208146,98.60718921750941,2.0,6.0
-9.694727765637372,2.520971432457104,-0.762900574852753,71.82376767560957,-8.542872067709892,-34.73466356972081,-0.0754639350175503,-0.17611508263431405,-0.7411482767281875,98.62705764264025,2.0,6.0
-9.766040293294065,2.4182814986800505,-0.7907124358910147,72.31820603773211,-7.766960278767962,-34.739945515783866,-0.08783732879160681,-0.1404505981333601,-0.5267974428349508,98.64692606777113,2.0,6.0
-10.159295969536748,1.3159169025201622,-0.37435390916504446,71.66213095796672,-8.221718344336033,-33.813071183556204,-0.06451286062461883,-0.00923611918885146,-0.15873612526924552,98.66679449290194,2.0,6.0
-10.061598148873387,1.6667740268484563,-0.5412249800267092,71.9880472863966,-7.710086912756907,-34.063134850853345,-0.03248760685191236,-0.11622957507559496,-0.34724841240896664,98.68666291803277,2.0,6.0
-9.963900328209746,2.017631151177748,-0.7080960508888481,72.31396361482739,-7.198455481176328,-34.31319851815119,-0.00046235307911486606,-0.22322303096264257,-0.5357606995492236,98.70653134316365,2.0,6.0
-9.866202507546385,2.368488275506042,-0.8749671217505126,72.63987994325728,-6.686824049597204,-34.56326218544832,0.03156290069359159,-0.3302164868493861,-0.7242729866889447,98.72639976829448,2.0,6.0
-9.766574663857057,2.667465939950985,-0.8773474627550264,73.0311246356245,-6.631408236465152,-34.16434700074167,0.11232140642519153,-0.2512366990654812,-0.5949488350858654,98.74626819342531,2.0,6.0
-9.717369060257413,2.4792011122223494,-0.7511244612746798,73.44304369537873,-6.842367766342268,-34.370570278787724,0.2229541025771388,-0.35204346939038306,-0.8373217675204159,98.76613661855619,2.0,6.0
-9.668163456657908,2.29093628449425,-0.6249014597946921,73.85496275513177,-7.053327296218785,-34.57679355683319,0.3335867987287716,-0.4528502397149984,-1.0796946999542776,98.78600504368701,2.0,6.0
-9.838654381190162,1.8568303585052488,-0.30740925194822205,72.376366089047,-5.626493140157905,-35.89008252214639,0.38373713699596845,-0.3926643818226684,-0.9474514925592296,98.80587346881784,2.0,6.0
-9.836515056495283,1.8568303585052488,-0.3031305048068525,73.61142292803865,-4.545673438007379,-36.166744642966016,0.2567278882622025,-0.461081969103074,-1.0791917574520624,98.82574189394872,2.0,6.0
-9.834375731800415,1.8568303585052488,-0.2988517576654952,74.84647976702678,-3.464853735859924,-36.443406763784864,0.12971863952879753,-0.5294995563832853,-1.2109320223445204,98.84561031907954,2.0,6.0
-9.832236407105544,1.8568303585052488,-0.2945730105241378,76.0815366060149,-2.384034033712469,-36.720068884603705,0.002709390795392508,-0.5979171436634965,-1.3426722872369787,98.86547874421036,2.0,6.0
-9.725217247952003,0.9600913416391805,-0.1625026454850323,74.04383949762443,-5.079771416601871,-36.67359476976143,0.7212132028604461,-0.7545244932708498,-1.620863508483948,98.8853471693412,2.0,6.0
-9.479189225185417,0.5407742868898348,-0.1368301691933262,74.08472171789273,-3.8148760155984496,-36.97094811372563,0.8973520998029251,-0.7894611287651494,-1.634328684112636,98.90521559447208,2.0,6.0
-9.233161202419527,0.12145723214168092,-0.11115769290169304,74.12560393816096,-2.549980614598624,-37.26830145768898,1.0734909967449036,-0.82439776425935,-1.647793859741286,98.92508401960289,2.0,6.0
-9.510122477397939,0.8361985456580469,-0.27369585426439413,74.07132130631163,1.1435119528123256,-39.66166940054226,1.1242341640759563,-1.1870039281180007,-1.9842426579707564,98.94495244473374,2.0,6.0
-9.348243491038984,-0.5244426286609891,0.4080509719087986,74.49083470352923,2.48817885344969,-40.10881581625357,0.7977949550909506,-1.2539658269218412,-1.9340212481729908,98.96482086986461,2.0,6.0
-9.186364504680489,-1.8850838029761576,1.0897977980800535,74.91034810074565,3.8328457540832326,-40.55596223196362,0.4713557461068725,-1.3209277257254912,-1.883799838375368,98.98468929499543,2.0,6.0
-9.451959776395688,-2.8004814728180474,1.8242176153650052,75.50055721443341,2.8422532679535295,-39.32993428519599,0.7613311920961966,-1.187862585242297,-1.5319328564673576,99.0,2.0,6.0
-9.338573011869101,-2.814743921367345,2.203599710702653,75.28407699745301,4.390443422985819,-41.238460896527805,0.6201289330322032,-1.0961538869694147,-1.4762525767354997,99.0,2.0,6.0
-9.225186247342835,-2.8290063699166033,2.582981806039222,75.06759678047321,5.938633578013707,-43.14698750785419,0.4789266739686109,-1.0044451886967931,-1.4205722970038,99.0,2.0,6.0
-9.111799482816572,-2.8432688184658605,2.9623639013757908,74.85111656349342,7.4868237330415965,-45.055514119180586,0.33772441490501853,-0.9127364904241715,-1.3648920172721,99.0,2.0,6.0
-8.955016318478776,-2.4452142978979454,2.599585662601456,74.96659428821182,6.574149373695334,-43.06750424211162,0.08718319249622089,-0.9278798552972003,-1.28984023118204,99.0,2.0,6.0
-8.696152354398201,-2.7104965282749016,2.6445125491599484,73.99291081653304,8.133570760412665,-43.53879574601744,0.16178747964367504,-0.9318830242377408,-1.3084003367442332,99.0,2.0,6.0
-8.437288390317626,-2.9757787586518574,2.68943943571844,73.01922734485424,9.692992147129997,-44.010087249923274,0.23639176679112917,-0.9358861931782813,-1.3269604423064263,99.0,2.0,6.0
-8.558556085603882,-3.095812600316488,2.798451790311484,73.18284825785953,10.156708553949947,-47.444975932364166,0.17678560140691452,-0.9342611432528695,-1.2778260814462958,99.0,2.0,6.0
-8.239076353090745,-3.1179194528479006,2.9346585221076253,73.09684552653637,10.879294994989332,-47.48881631207909,0.2986999213988691,-0.9415396112656726,-1.2694558351551428,99.0,2.0,6.0
-7.9195966205776065,-3.140026305379313,3.0708652539037655,73.0108427952132,11.601881436028714,-47.53265669179402,0.4206142413908237,-0.9488180792784755,-1.2610855888639898,99.0,2.0,6.0
-7.792951489655349,-4.243817825826579,3.033273847977642,71.22356957058193,14.39906039812245,-48.59860523404618,0.28868430962357616,-0.9338196509147187,-1.2161230864460797,99.0,2.0,6.0
-7.68740905877776,-4.47201757481929,3.3948278030554384,70.38024986843428,14.79133357622268,-49.48050380887449,0.17950730194850456,-0.939278506543681,-1.1855535092290053,99.0,2.0,6.0
-7.58186662790017,-4.700217323812003,3.7563817581332346,69.53693016628661,15.183606754322907,-50.36240238370279,0.07033029427343296,-0.9447373621726435,-1.154983932011931,99.0,2.0,6.0
-7.4763241970225796,-4.928417072804716,4.117935713211031,68.69361046413894,15.575879932423138,-51.244300958531085,-0.03884671340163864,-0.9501962178016058,-1.1244143547948569,99.0,2.0,6.0
-7.255527147116132,-4.757632636730508,4.199355962501671,69.39659204754089,15.516407998027091,-50.75912010636128,-0.10069774899555656,-0.9263719432853298,-1.0467192538305314,99.0,2.0,6.0
-7.182075294317737,-5.158408431713054,4.374071462379441,68.72179895672119,16.172964928568486,-51.39624153580406,-0.033371932841137805,-0.8819733016990665,-1.0001370890661696,99.0,2.0,6.0
-7.108623441519342,-5.559184226695599,4.548786962257212,68.04700586590148,16.82952185910988,-52.03336296524684,0.03395388331328095,-0.837574660112803,-0.9535549243018077,99.0,2.0,6.0
-7.177188494418669,-4.833759071185384,4.208878810748392,66.82826307891665,18.811471529327218,-52.51530248490248,0.03936129208458039,-0.9157103811083736,-0.936596028717756,99.0,2.0,6.0
-6.983931906436667,-5.495538322283416,4.478439681872413,66.797703734625,18.93566264184541,-53.41161901322197,0.08048462983020947,-0.9073401348172208,-0.8718176673973193,99.0,2.0,6.0
-6.7906753184546655,-6.157317573381447,4.748000552996436,66.76714439033334,19.05985375436361,-54.30793554154148,0.1216079675758386,-0.8989698885260679,-0.8070393060768826,99.0,2.0,6.0
-7.008761473702001,-4.977149766048364,4.737186489903342,65.3038118480326,19.91264001378387,-55.0920799991038,0.011828991936264951,-0.8816913080607148,-0.8313452571081146,99.0,2.0,6.0
-6.862571021126451,-5.619674637873952,5.002468720280298,64.84747601734453,20.39738706120775,-55.56906043733579,0.045673863457230256,-0.8947925401125523,-0.7785763829397666,99.0,2.0,6.0
-6.7163805685509,-6.262199509699539,5.267750950657254,64.39114018665647,20.88213410863162,-56.046040875567776,0.07951873497819557,-0.9078937721643897,-0.7258075087714185,99.0,2.0,6.0
-6.570190115974934,-6.904724381526953,5.533033181034964,63.93480435596712,21.36688115605688,-56.52302131380112,0.11336360649925709,-0.9209950042162643,-0.6730386346029207,99.0,2.0,6.0
-6.052823958035624,-8.414838154912509,6.5144384169756,64.04727930968578,20.187769702330414,-56.615977873054014,1.1906934531753528,-0.5991818959975844,0.016831944184243806,99.0,2.0,6.0
-6.106308354970085,-8.07182542145335,6.42244546653623,63.281614255365184,19.844752429381508,-58.008756345953145,0.8664377387591436,-0.6595931632781081,-0.01810469607832818,99.0,2.0,6.0
-6.159792751904545,-7.728812687994187,6.3304525160968605,62.51594920104459,19.5017351564326,-59.40153481885226,0.5421820243429347,-0.7200044305586317,-0.05304133634090016,99.0,2.0,6.0
-5.988277008184492,-4.424613488090507,5.959741534194973,62.27206679401748,21.502531951639487,-57.00260356617254,1.2743998762603663,-0.6061261250783174,0.06488909050310858,99.0,2.0,6.0
-5.7565117188780635,-4.505909674537576,6.180810069045847,61.730425139049714,20.996174529764943,-57.865420720102414,1.1088147779939153,-0.7116638829517566,-0.05484168723726104,99.0,2.0,6.0
-5.524746429571632,-4.5872058609846444,6.401878603896719,61.188783484081945,20.489817107890406,-58.728237874032295,0.9432296797274643,-0.8172016408251959,-0.17457246497763068,99.0,2.0,6.0
-5.723180647161364,-6.803860916324064,6.72706150430271,61.225065933316955,20.326720277343608,-61.34054597788693,1.0585448300946771,-0.8685968113146274,-0.28959343843905977,99.0,2.0,6.0
-5.5527439406185515,-6.215533394046768,6.676429680763022,60.48717828378149,19.85527702478056,-62.02191476755917,0.8944154203047875,-0.9606694126329031,-0.2957801371142098,99.0,2.0,6.0
-5.3823072340757365,-5.627205871769471,6.625797857223334,59.74929063424603,19.383833772217518,-62.7032835572314,0.7302860105148977,-1.0527420139511787,-0.30196683578935973,99.0,2.0,6.0
-5.211870527532438,-5.038878349490501,6.5751660336835025,59.011402984708475,18.91239051965313,-63.38465234690557,0.5661566007245415,-1.144814615269716,-0.30815353446452737,99.0,2.0,6.0
-4.892598834522221,-5.260868933563671,6.671867436683859,59.5419664533175,19.051368086140087,-62.40434674952339,0.574520801207366,-1.0793947376907496,-0.3371114649758318,99.0,2.0,6.0
-4.83483578730395,-5.263008258258541,6.7189335768586815,58.745799995188335,19.00331329087493,-63.5557928249618,0.5428594647854281,-1.178745790928574,-0.3571272482857501,99.0,2.0,6.0
-4.777072740085516,-5.265147582953417,6.765999717033638,57.94963353705692,18.955258495609645,-64.70723890040348,0.5111981283634005,-1.2780968441666811,-0.37714303159572526,99.0,2.0,6.0
-4.370107724561354,-4.893169085908513,7.0188903166046845,57.585540247756605,19.338382233971423,-65.01700312595895,0.6134938105530947,-1.2951385654768788,-0.38796938806326015,99.0,2.0,6.0
-4.088423650159755,-4.780495564866745,7.185761482833781,56.19785042842193,19.390835623139164,-65.8089812753723,0.5348863753267258,-1.3089676501116467,-0.4021623983934474,99.0,2.0,6.0
-3.8067395757573546,-4.667822043824657,7.3526326490633505,54.81016060908331,19.443289012307048,-66.60095942478789,0.45627894010013337,-1.3227967347464546,-0.4163554087236751,99.0,2.0,6.0
-3.525055501355756,-4.555148522782889,7.519503815292448,53.42247078974864,19.49574240147479,-67.39293757420123,0.3776715048737645,-1.336625819381223,-0.4305484190538624,99.0,2.0,6.0
-2.859985923110372,-3.7568867808369326,7.549036099918384,54.11142147727583,18.19465700845813,-65.88659700000377,0.4061959793792413,-1.3732753958674713,-0.4166410751172814,99.0,2.0,6.0
-2.721639804183103,-3.724796200373462,7.494125630863101,53.33746288962785,18.009707591343513,-66.6964423521782,0.27154435660676435,-1.3816456069919076,-0.42828662107677656,99.0,2.0,6.0
-2.5832936852562267,-3.6927056199100816,7.439215161807974,52.56350430198207,17.824758174229423,-67.50628770435031,0.13689273383467,-1.39001581811632,-0.43993216703623855,99.0,2.0,6.0
-1.8924131894421967,-4.45958919035229,7.867689497923633,50.03013274466774,18.226183393394887,-69.5750196460146,-0.06351254814633983,-1.2758256939383243,-0.43319622853099293,99.0,2.0,6.0
-1.5422691464737655,-4.438908624518264,8.22139898583835,48.606426537393645,18.735902593528703,-69.35783456834757,-0.16177185410022996,-1.0629305485222584,-0.2843515858919682,99.0,2.0,6.0
-1.1921251035043388,-4.418228058684178,8.575108473754074,47.1827203301155,19.245621793663965,-69.1406494906799,-0.2600311600543993,-0.8500354031055872,-0.13550694325252038,99.0,2.0,6.0
-0.6812717985041561,-4.3948843888253055,9.17596619350848,49.45030983405096,17.18645747144147,-68.25765250675224,0.030329440806406142,-1.032804801956878,-0.20781898557543635,99.0,2.0,6.0
-0.6691486917861038,-4.476893685242469,9.249418046306877,48.46067818121983,17.177551150511952,-69.0427366589732,-0.052281156803992354,-0.7718717651529161,-0.15577794610862575,99.0,2.0,6.0
-0.657025585068017,-4.558902981659864,9.322869899105479,47.47104652838589,17.16864482958241,-69.82782081119639,-0.13489175441462564,-0.5109387283482126,-0.10373690664166728,99.0,2.0,6.0
-0.6449024783499647,-4.640912278077025,9.396321751903873,46.481414875554755,17.15973850865289,-70.61290496341736,-0.21750235202502413,-0.2500056915442507,-0.05169586717485672,99.0,2.0,6.0
-0.6490384678875688,-5.035550217434071,9.392697978081092,46.28071465559275,19.23057516548481,-69.83212011483013,-0.2211285134917174,-0.4149682986667226,-0.0109991281708017,99.0178468520541,2.0,6.0
-0.6789896874463426,-5.244495625301907,9.276458783210872,45.664202585889406,19.463742508624915,-69.99916422036024,-0.13560652939121032,-0.3087026774812145,-0.03683768684471028,99.03771467517808,2.0,6.0
-0.7089409070050311,-5.453441033169149,9.160219588340983,45.047690516187835,19.69690985176435,-70.16620832588988,-0.0500845452909463,-0.2024370562960084,-0.06267624551854542,99.057582498302,2.0,6.0
-0.653734808202252,-5.446200160647336,9.147678232251758,44.358587342489834,18.588941356538257,-70.30488010489756,0.06656632364698611,-0.12327757934709002,-0.08941013480189756,99.07745032142591,2.0,6.0
-0.6722760310130331,-5.389150223398996,9.006479673444113,44.529892483939136,18.857459442018513,-69.8751893242571,0.04072776497307753,-0.11417949656623443,-0.08540697897436755,99.09731814454989,2.0,6.0
-0.6908172538237616,-5.332100286150817,8.865281114636867,44.70119762538796,19.125977527498005,-69.44549854361783,0.014889206299242381,-0.10508141378540468,-0.08140382314684892,99.11718596767379,2.0,6.0
-0.772493278856808,-5.3813091696428925,8.849519115524739,43.570910891265584,19.015499147810452,-71.00552894845029,0.06368483763883329,-0.092102043021565,-0.06039749638213872,99.13705379079772,2.0,6.0
-0.7831852709012472,-5.227344392650236,8.77752621753744,43.77541543838453,18.993298580088155,-70.63243805184418,0.11679349166100178,0.002838771950272476,-0.011290178457683868,99.15692161392165,2.0,6.0
-0.7938772629457168,-5.0733796156571405,8.705533319549936,43.97991998550408,18.97109801236579,-70.25934715523702,0.1699021456833212,0.09777958692237977,0.03781713946691055,99.17678943704561,2.0,6.0
-0.8045692549901559,-4.919414838664482,8.633540421562635,44.184424532623034,18.94889744464349,-69.88625625863091,0.22301079970548968,0.19272040189421724,0.0869244573913654,99.19665726016952,2.0,6.0
-0.39687975416037463,-5.178563214981016,9.53089043698999,45.70421021288767,18.684033840127412,-70.88526561637214,0.2216722772490456,0.19366911634328127,0.07505413769350054,99.21652508329343,2.0,6.0
-0.22073805341540528,-5.334737474167109,9.928813639505409,45.83944668597143,19.23904578013093,-70.58406507392161,0.3268461225403866,0.4356781266586904,0.19041783093102815,99.23639290641741,2.0,6.0
-0.04459635267093658,-5.490911733352758,10.326736842019695,45.974683159054806,19.794057720132862,-70.28286453147193,0.43201996783142854,0.6776871369734118,0.30578152416822796,99.25626072954131,2.0,6.0
-0.21048245024067888,-5.21454748311622,10.054159505916559,44.88811217661095,18.762943518311992,-70.26959785141655,0.23228652454212495,1.2867228299787232,0.4438697833959821,99.27612855266521,2.0,6.0
-0.1498668868479226,-4.913608991294349,10.330138643337747,44.91032227153973,18.626047766358603,-69.92799712814929,-0.039564213983791056,1.6124341947254464,0.5068285245841531,99.2959963757892,2.0,6.0
-0.08925132345533857,-4.6126704994733325,10.606117780758147,44.93253236646845,18.4891520144056,-69.586396404883,-0.3114149525089345,1.938145559471244,0.5697872657721451,99.31586419891312,2.0,6.0
-1.3047131997358359,-4.849800665783343,9.79159111701666,49.23484717854167,16.786605127789993,-69.30740437900735,-0.2509126897543337,1.820274742849114,0.4941069406070413,99.33573202203702,2.0,6.0
-1.7896377068778864,-5.045909827160675,9.173312193980799,50.6058908797162,16.879517248609265,-68.48720883762394,-0.10279590088991172,1.898518260724937,0.5516068261662344,99.355599845161,2.0,6.0
-2.274562214018559,-5.24201898853745,8.555033270946694,51.97693458088683,16.972429369428273,-67.66701329624284,0.045320887974089286,1.9767617786005367,0.6091067117252641,99.37546766828493,2.0,6.0
-2.759486721159231,-5.438128149914225,7.936754347912589,53.347978282057454,17.06534149024728,-66.84681775486175,0.19343767683809032,2.0550052964761374,0.6666065972842937,99.39533549140883,2.0,6.0
-2.3739079340949143,-4.72698035207622,8.49236146883967,52.957995674740474,17.768416182468624,-67.22384323056296,-0.46462593672936886,2.211775201718582,0.6716634747330007,99.4152033145328,2.0,6.0
-3.1412297114379664,-4.005298528346408,7.550324344206738,54.74374381316658,17.6546036500438,-66.4249710076633,-0.46062277643150173,2.055652107160008,0.5726763150040868,99.4350711376567,2.0,6.0
-3.9085514887810184,-3.283616704616596,6.608287219573805,56.529491951592696,17.540791117618976,-65.62609878476363,-0.4566196161336348,1.8995290126014344,0.47368915527517286,99.45493896078062,2.0,6.0
-4.271779569100466,-4.512074244572541,7.148947348699736,55.40606608489284,17.606743278479744,-66.31595811898066,-1.3110970969836604,1.9959517820630632,0.7822545038121949,99.47480678390461,2.0,6.0
-4.442929376076629,-4.61547721202545,7.310826468572637,56.655736418754,16.9950436401136,-66.01009635979516,-1.2743408651988732,2.093119350269762,0.9871433435336882,99.49467460702851,2.0,6.0
-4.614079183052791,-4.718880179478359,7.472705588445536,57.90540675261517,16.383344001747457,-65.70423460060964,-1.237584633414086,2.1902869184764606,1.1920321832551815,99.5145424301524,2.0,6.0
-5.329655061433251,-6.044266432520538,7.877359772373025,63.54947051153385,18.0878287951719,-60.34566743377694,-1.1845804888685074,2.3273141495971155,1.167063698769303,99.53441025327632,2.0,6.0
-5.8373995072350136,-5.8652722918951925,6.717819748567074,64.60016745672631,17.67758038208517,-58.90559922698705,-1.209327247806391,2.2108586613919345,1.2980760908136235,99.55427807640032,2.0,6.0
-6.345143953035333,-5.686278151270356,5.558279724764417,65.65086440191578,17.267331968999606,-57.46553102020125,-1.234074006744204,2.094403173187084,1.4290884828575718,99.57414589952423,2.0,6.0
-6.852888398835653,-5.507284010645519,4.398739700961761,66.70156134710525,16.85708355591404,-56.02546281341545,-1.2588207656820172,1.977947684982234,1.56010087490152,99.59401372264813,2.0,6.0
-6.526371647060915,-5.0309193720307555,4.820247000181262,64.90046003359484,16.935911212818684,-56.6047928648299,-1.5568337458367667,1.957919133178445,1.509187834086382,99.6138815457721,2.0,6.0
-7.100436702907561,-4.189432708213162,3.567287710631621,65.73269742983432,16.69747214879302,-55.32486336043654,-1.219112913012367,1.8309099130552688,1.4600581858778083,99.63374936889602,2.0,6.0
-7.674501758754206,-3.3479460443955675,2.3143284210819792,66.5649348260738,16.45903308476736,-54.044933856043166,-0.881392080187967,1.703900692932094,1.4109285376692349,99.65361719201992,2.0,6.0
-8.082648495741854,-4.200390767892073,2.2404458519960158,70.78391646513184,15.144442719257347,-49.983275383749685,-0.2442228698267496,1.2531674615461532,1.0754510718269432,99.67348501514387,2.0,6.0
-8.20744527728166,-4.405770482857705,2.179830302908546,71.45592650541441,14.483651474751111,-49.53106530074229,-0.07317892069970786,1.0224400750717535,0.9924765616341475,99.69335283826781,2.0,6.0
-8.332242058821464,-4.61115019782334,2.1192147538210766,72.12793654569701,13.822860230244876,-49.07885521773488,0.09786502842733384,0.7917126885973542,0.9095020514413522,99.71322066139172,2.0,6.0
-8.457038840361621,-4.816529912789557,2.058599204733435,72.7999465859815,13.162068985736765,-48.6266451347262,0.26890897755486165,0.5609853021222989,0.8265275412483206,99.73308848451569,2.0,6.0
-8.15824741541589,-4.010393968995058,2.047525795204917,70.19128526760512,13.921098835861619,-49.79108688796103,0.03896712818140868,0.5182679149943012,0.926278906595305,99.7529563076396,2.0,6.0
-8.49626823603326,-4.071009589608102,2.344898575050838,71.07345895840022,13.246566059983326,-48.595802693015834,-0.05638079128261592,0.5546602556543634,1.0048863370533023,99.77282413076352,2.0,6.0
-8.834289056650627,-4.131625210221145,2.642271354896759,71.95563264919532,12.572033284105032,-47.400518498070625,-0.15172871074664052,0.5910525963144255,1.0834937675112997,99.79269195388744,2.0,6.0
-8.538554620150565,-3.8916937486096814,2.725657985558794,72.95604462967296,12.2661623606899,-46.20611560258247,-0.13773966860415815,0.7324604543252848,1.411501363138204,99.81255977701139,2.0,6.0
-8.562800869349457,-3.476655372755567,2.756322350850361,73.04204736099612,11.543575919650518,-46.16227294835429,-0.18759716581938385,0.7688527949853469,1.457719601015054,99.83242760013533,2.0,6.0
-8.587047118548348,-3.061616996901452,2.7869867161419286,73.12805009231928,10.820989478611136,-46.11843029412613,-0.23745466303460944,0.805245135645409,1.503937838891904,99.85229542325924,2.0,6.0
-9.013257147126007,-2.5082587634198488,1.9592733353816123,73.84885241703714,10.715358312145556,-46.18213897530899,-0.27091697597173114,0.8012816762367245,1.6571838732522308,99.87216324638321,2.0,6.0
-8.795041204743393,-2.1987627993698373,1.9749620360575624,74.2532316894977,9.119548833387242,-45.00978111093017,-0.292388454910768,0.8242088412681368,1.7106805964272307,99.89203106950713,2.0,6.0
-8.57682526236078,-1.8892668353198256,1.990650736733513,74.65761096195827,7.523739354628928,-43.83742324655135,-0.3138599338498049,0.8471360062995491,1.764177319602231,99.91189889263104,2.0,6.0
-8.358609319977544,-1.5797708712689347,2.006339437409508,75.06199023441998,5.927929875866077,-42.6650653821692,-0.3353314127889028,0.8700631713310265,1.8176740427773832,99.931766715755,2.0,6.0
-8.799489545183873,-1.5939576816314596,2.1198564324485147,74.60616716453752,5.24025219010138,-43.37368983438669,-0.411919164893132,0.916500276208713,1.8244316099649351,99.9516345388789,2.0,6.0
-8.76169395621372,-1.3942829036470223,2.052109621535491,74.2282908446526,3.617560081948559,-42.42824870279575,-0.46141274475758887,0.9914684950120506,1.9146846006875091,99.97150236200285,2.0,6.0
-8.723898367243466,-1.1946081256620171,1.9843628106222737,73.85041452476662,1.994867973791126,-41.48280757120212,-0.5109063246221865,1.0664367138156012,2.00493759141034,99.9913701851268,2.0,6.0
-8.731464818671986,0.21545259207240247,0.8068242138049869,74.99037297421677,3.809740207393313,-42.96804226183103,-0.3146489685205182,0.9492251799352126,1.980570806928724,100.0,2.0,6.0
-8.740022117451465,1.040537354644894,0.6891587131642247,74.62635750943438,2.037450473508206,-42.23572078966372,-0.31610465505992846,0.919747380996488,1.842279962965227,100.0,2.0,6.0
-8.74857941623097,1.8656221172197307,0.5714932125231281,74.26234204465096,0.26516073961806264,-41.503399317494335,-0.3175603415993428,0.8902695820576798,1.7039891190013368,100.0,2.0,6.0
-8.734472936488212,3.313944816411709,-0.13664107368634787,74.91391874119995,-3.7259505953756378,-39.85346362748476,-0.19215243214720865,0.8524374556791897,1.8306909981968271,100.0,2.0,6.0
-8.874245275355273,3.3816916607033347,-0.33132399604945206,74.78708836362132,-4.0974876513445375,-38.46230167069891,-0.15357655638811898,0.7541781401885564,1.4194576302772794,100.0,2.0,6.0
-9.01401761422273,3.4494385049951526,-0.5260069184131095,74.66025798604235,-4.469024707314494,-37.07113971390911,-0.11500068062891967,0.6559188246976438,1.0082242623565627,100.0,2.0,6.0
-9.15378995308979,3.517185349286778,-0.7206898407762138,74.53342760846371,-4.840561763283395,-35.67997775712327,-0.07642480486982998,0.5576595092070106,0.5969908944370148,100.0,2.0,6.0
-10.597867602103925,3.7641054253236863,-1.0684006690703995,73.75743618684521,-4.3663045294188025,-37.7204050015881,-0.11635212432499271,0.40919302805791086,0.42840991191155103,100.0,2.0,6.0
-10.67631121515622,3.551594419922268,-1.106196258040549,73.8267904396604,-4.943525980223942,-37.64835179323703,-0.04247569095256234,0.2064877401247456,-0.00465885945035982,100.0,2.0,6.0
-10.75475482820874,3.339083414520246,-1.1439918470108068,73.89614469247577,-5.520747431030721,-37.57629858488576,0.03140074242007801,0.00378245219100426,-0.43772763081350147,100.0,2.0,6.0
-10.757652532221918,4.101940885775187,-1.460444458239776,74.59175855364715,-5.837924059554041,-37.42222099833295,0.07030756558670093,-0.048509695887833264,-0.55597429921165,100.0,2.0,6.0
-10.818981262805051,3.537859541171208,-1.2800240213808092,74.57790225591576,-5.688325375243264,-37.209101396129775,0.06193732823624468,-0.11874689853211752,-0.46135423352264904,100.0,2.0,6.0
-10.880309993388362,2.973778196565626,-1.0996035845213297,74.56404595818432,-5.5387266909320605,-36.99598179392599,0.05356709088576463,-0.1889841011766014,-0.36673416783337925,100.0,2.0,6.0
-10.455197570912121,1.1205497561071476,-0.4980772722104356,75.03233532838777,-4.0329420387814165,-35.951297224680204,0.04797463408401181,-0.20392556488513944,-0.513024114837757,100.0,2.0,6.0
-10.279055851094167,1.0756229076956283,-0.3012549531798529,74.82774233751273,-4.0107319438526945,-36.32456008783904,-0.02590179928841856,-0.20392556488513944,-0.4293217413331944,100.0,2.0,6.0
-10.102914131275712,1.0306960592839816,-0.1044326341487108,74.62314934663709,-3.988521848923911,-36.69782295099895,-0.09977823266105888,-0.20392556488513944,-0.345619367828394,100.0,2.0,6.0
-9.926772411457758,0.9857692108724623,0.09238968488187192,74.41855635576204,-3.9663117539951886,-37.071085814157776,-0.17365466603348928,-0.20392556488513944,-0.2619169943238314,100.0,2.0,6.0
-9.856356202229609,0.6400194210783743,0.32407854366805605,75.28094895430209,-3.1502771232385034,-37.23458650937308,0.00904305620185461,-0.21114535448564073,-0.31194614962788847,100.0,2.0,6.0
-9.814281965359715,0.6293225486055906,0.2556186180163734,74.87732911177201,-3.097387175347166,-37.61129412045779,0.0963846604348115,-0.24972123024484,-0.40401875094642575,100.0,2.0,6.0
-9.772207728489942,0.6186256761328373,0.18715869236488536,74.4737092692431,-3.0444972274559787,-37.98800173154144,0.18372626466752012,-0.28829710600392966,-0.4960913522647015,100.0,2.0,6.0
-9.583108412289032,0.7896102022677025,0.1434018901599902,74.62430563662248,-4.573507434505959,-36.722669626829656,0.1080401000028568,-0.260866098603634,-0.41966100330063794,100.0,2.0,6.0
-9.615911959671358,1.027080581143219,0.08777819669385427,74.91971264574697,-3.7669146458104033,-36.73140086805585,0.23905250158354815,-0.3500273134320441,-0.7231730424849323,100.0,2.0,6.0
-9.648715507053776,1.2645509600194105,0.03215450322756025,75.21511965487228,-2.960321857112555,-36.74013210928206,0.37006490316461194,-0.4391885282607077,-1.0266850816700888,100.0,2.0,6.0
-9.777556972261385,1.3920794127699112,0.49952997083265394,75.3695882752435,-1.7043435815270431,-39.13454345454949,0.3146181805775394,-0.5123698793408198,-1.011687153721572,100.0,2.0,6.0
-9.845303959604157,0.8928924391985879,0.553727406211633,75.05127086191372,-0.660349746078774,-39.12540975739736,0.3248080309078829,-0.5687779937740569,-1.0822882784849963,100.0,2.0,6.0
-9.91305094694712,0.3937054656258456,0.6079248415907661,74.732953448583,0.3836440893724626,-39.116276060245205,0.3349978812382553,-0.6251861082074547,-1.1528894032486219,100.0,2.0,6.0
-9.980797934289894,-0.1054815079454776,0.6621222769697449,74.41463603525325,1.4276379248207318,-39.10714236309308,0.3451877315685989,-0.6815942226406919,-1.2234905280120465,100.0,2.0,6.0
-9.928546111940799,0.20595284813311251,0.3230893679283089,75.6097498095082,-0.04870169300730909,-39.30969279823206,0.3080546329591799,-0.7333449155549344,-1.2818541248757542,100.0,2.0,6.0
-9.737428844331786,-0.201241136853026,0.5947897120145273,76.06255563378889,1.0052341590455087,-39.81326713142394,0.43360817414289426,-0.7275221336344899,-1.3186103566606455,100.0,2.0,6.0
-9.546311576723316,-0.6084351218380073,0.8664900560999734,76.51536145806826,2.059170011095332,-40.316841464614406,0.5591617153262518,-0.7216993517140624,-1.355366588445433,100.0,2.0,6.0
-9.49483401676058,-1.6392324997519363,1.4933789682072505,75.35427345618963,3.0719987009392087,-42.00554959887938,0.25065172692252047,-0.7497636248367937,-1.1789283610488217,100.0,2.0,6.0
-9.429939745863543,-1.6591999568080205,1.631011948554196,75.09974413261126,3.5303013513917545,-42.29416942233574,0.2648447372527481,-0.7031814409988132,-1.0839443827771535,100.0,2.0,6.0
-9.36504547496669,-1.6791674138640476,1.7686449289007506,74.8452148090336,3.9886040018429982,-42.58278924579129,0.2790377475829354,-0.656599257160965,-0.9889604045057555,100.0,2.0,6.0
-9.250001036344264,-1.7144336610010316,2.0291569892112262,73.64561324124097,6.989757947816875,-42.417839622641615,0.3373127692180641,-0.5396133456597499,-0.7498926575474145,100.0,2.0,6.0
-9.193664347348792,-1.6088912968803444,1.825916518324603,73.56233902935726,7.545807294741778,-43.41442440047558,0.362059556766177,-0.5294234869847272,-0.761174276619397,100.0,2.0,6.0
-9.137327658353481,-1.5033489327599567,1.6226760474385575,73.47906481747377,8.101856641665101,-44.41100917830671,0.3868063443142197,-0.5192336283097334,-0.7724558956913472,100.0,2.0,6.0
-9.080990969358174,-1.3978065686395695,1.419435576552512,73.39579060559032,8.657905988588423,-45.40759395613783,0.4115531318622624,-0.5090437696347396,-0.7837375147632972,100.0,2.0,6.0
-9.155270205498494,-2.1305343017516223,1.952064183899932,72.49900711677206,8.848160346961047,-43.296150040419896,-0.11303143224673096,-0.8828506908089863,-0.9642804179115968,100.0,2.0,6.0
-9.101072560311165,-2.3252171859677535,1.984154764363312,72.02318627021488,9.303266090368835,-45.0674665687386,-0.11594281873659648,-0.9982144031196724,-1.0399764904899582,100.0,2.0,6.0
-9.046874915123837,-2.5199000701838847,2.016245344826692,71.5473654236577,9.758371833776625,-46.838783097057295,-0.118854205226462,-1.1135781154303583,-1.1156725630683195,100.0,2.0,6.0
-8.789952355340588,-3.7288418415012954,2.1147276467689538,73.75782196072569,9.55743180894298,-46.03262200945,1.0383250315372847,-0.8242970907570627,-0.9332247737053672,100.0,2.0,6.0
-8.68227045150127,-3.7395387497368655,2.6937845391650925,73.02196929959146,10.633142334457755,-47.32472756975523,0.8203349573791486,-0.8650565111520389,-1.0194745925074136,100.0,2.0,6.0
-8.574588547662254,-3.7502356579724054,3.272841431559585,72.28611663845929,11.708852859969472,-48.61683313005679,0.602344883221632,-0.9058159315468993,-1.1057244113092153,100.0,2.0,6.0
-8.466906643823242,-3.760932566207946,3.8518983239540785,71.55026397732716,12.784563385481189,-49.90893869035835,0.38435480906411545,-0.9465753519417598,-1.1919742301110168,100.0,2.0,6.0
-8.37026268769198,-2.7209034900588764,3.095039814959669,72.13086395477036,11.838739468159586,-48.20324145578549,0.02332604045952833,-1.0551989342157233,-1.15678922159259,100.0,2.0,6.0
-8.152759845742716,-3.571660783759275,3.3695926752194287,71.92348787521124,11.856714684071434,-48.76141108774299,0.05316775436483567,-1.0824931932870487,-1.1662512282806992,100.0,2.0,6.0
-7.93525700379345,-4.422418077459673,3.644145535479189,71.7161117956521,11.874689899983283,-49.31958071970049,0.083009468270143,-1.109787452358374,-1.1757132349688086,100.0,2.0,6.0
-8.101738606004835,-4.438843613644903,4.524932296344664,70.26133260866699,14.034191222862212,-51.54488872536692,0.10343422271497124,-0.9321350508672387,-1.1167271192861454,100.0,2.0,6.0
-7.817202034502408,-5.262502137203724,4.541334070035826,70.64552995821498,14.122431331352123,-51.32487281807952,0.03865587093127773,-0.9990969496708887,-1.090888562996496,100.0,2.0,6.0
-7.532665462999981,-6.086160660762546,4.557735843726989,71.02972730776297,14.210671439842034,-51.10485691079212,-0.026122480852415808,-1.0660588484745388,-1.065050006706847,100.0,2.0,6.0
-7.406416032970466,-4.029349309353605,4.59689693414651,66.35580756720195,16.469106445941925,-55.18754411697065,0.9334528796099671,-1.0021182654250376,-0.9351929686956141,99.99500759266532,2.0,6.0
-7.317275512874722,-4.824482900051124,5.006230277651997,66.09849515494021,16.92317478242833,-55.66106843947998,0.6284851328756256,-0.8962165568222287,-0.7157472060615362,99.97371999405539,2.0,6.0
-7.228134992778978,-5.619616490748643,5.415563621157483,65.84118274267848,17.377243118914734,-56.13459276198932,0.3235173861412838,-0.7903148482194197,-0.49630144342745847,99.95243239544553,2.0,6.0
-7.138994472683232,-6.4147500814461615,5.824896964662971,65.58387033041676,17.831311455401135,-56.608117084498645,0.018549639406941983,-0.6844131396166109,-0.27685568079338074,99.9311447968356,2.0,6.0
-6.750937726368004,-6.178943436188384,5.664371835823564,65.55897457303364,17.92313895961249,-56.07016853901364,-0.7147074962440044,-1.0739626541515448,-0.5919877833065603,99.90985719822564,2.0,6.0
-6.71100281225595,-5.9728504682015116,5.455426427956321,65.48126652421321,18.48765750667008,-56.696939817394416,-0.3748030925577901,-0.9676970615765683,-0.4416874331174881,99.8885695996157,2.0,6.0
-6.671067898143896,-5.766757500214638,5.246481020089081,65.40355847539278,19.05217605372768,-57.3237110957752,-0.03489868887157577,-0.8614314690015917,-0.2913870829284158,99.86728200100583,2.0,6.0
-6.607722754324391,-5.657574693922844,5.441203496027315,65.60757508104528,18.367662508541542,-56.142133670025565,-0.12299232622216331,-0.7518251877819084,-0.19827394922609864,99.84599440239587,2.0,6.0
-6.317481169546824,-5.709632875685491,5.701493832635965,65.80104029482075,18.328514599853992,-56.508502459698086,0.14813054899121314,-0.8140560847316198,-0.27142254312862,99.82470680378596,2.0,6.0
-6.027239584769255,-5.7616910574481395,5.961784169244615,65.9945055085962,18.289366691166435,-56.87487124937061,0.4192534242045896,-0.8762869816813313,-0.34457113703114134,99.80341920517603,2.0,6.0
-6.3380688035023836,-5.366621131644917,5.6228784424842315,63.09328951378679,20.98972885979633,-56.41184704067327,0.6931505647259104,-0.9540017551851024,-0.39904681716629026,99.78213160656608,2.0,6.0
-6.036417192174532,-5.363768698619082,5.82041397638908,62.374776559075535,20.206383599176924,-58.07417080165808,0.5526761689740851,-0.9703782863092025,-0.37575572524736606,99.7608440079562,2.0,6.0
-5.73476558084668,-5.360916265593248,6.0179495102939295,61.65626360436426,19.42303833855752,-59.736494562642896,0.4122017732222597,-0.9867548174333027,-0.3524646333284419,99.73955640934628,2.0,6.0
-5.433113969517973,-5.358063832567406,6.21548504419934,60.937750649650965,18.63969307793589,-61.39881832363244,0.27172737747003506,-1.0031313485574491,-0.3291735414094516,99.71826881073633,2.0,6.0
-5.304632241044306,-5.364182066010903,6.4288201125881725,62.07877942586273,19.306514080939223,-59.4470043592453,0.2697014068905742,-1.0174749340423888,-0.2941549229083387,99.6969812121264,2.0,6.0
-5.1070967071394575,-5.130990423249885,6.639904840828948,61.2631814339201,19.399589346823532,-60.75513531017184,0.29954312318006726,-1.0298483135112952,-0.3345504164156872,99.67569361351651,2.0,6.0
-4.909561173234048,-4.897798780488204,6.850989569070323,60.447583441975176,19.49266461270812,-62.06326626110209,0.32938483946964525,-1.042221692980237,-0.3749459099231506,99.65440601490654,2.0,6.0
-5.013952211013804,-5.6832005657136015,6.527824863979506,60.95712623934988,19.70233608661829,-61.79767376611491,0.29851437394812425,-1.028951741715065,-0.27885132543129937,99.63311841629665,2.0,6.0
-4.874892982116836,-5.280998417276469,6.706105904170994,60.19981155734373,19.37202286182611,-62.635732008912,0.18497030084336913,-1.0413251569467583,-0.3625536893991188,99.61183081768672,2.0,6.0
-4.735833753219473,-4.878796268838191,6.88438694436299,59.44249687533543,19.04170963703299,-63.47379025171147,0.07142622773829127,-1.0536985721784873,-0.446256053367176,99.59054321907676,2.0,6.0
-4.132303858054864,-4.744349396092053,7.321764821705238,57.35060602155825,18.466522897357383,-65.02328930037746,0.0304677703284484,-1.0553324882065809,-0.5713314439294245,99.56925562046686,2.0,6.0
-4.060991473449521,-4.832063696247613,7.365978526768064,56.14808214155445,18.63789567338872,-65.59870086806492,0.06576833509434646,-1.0462343899285431,-0.5698757396576325,99.54796802185697,2.0,6.0
-3.9896790888441775,-4.919777996403173,7.410192231830891,54.945558261550666,18.809268449420056,-66.17411243575239,0.10106889986024452,-1.037136291650506,-0.5684200353858404,99.52668042324704,2.0,6.0
-3.918366704238633,-5.007492296558982,7.454405936893842,53.74303438154345,18.980641225451887,-66.7495240034415,0.13636946462624294,-1.0280381933724427,-0.5669643311140442,99.50539282463708,2.0,6.0
-2.997076212126387,-4.847608806535254,7.985440553467511,56.285189944830336,19.20750496816927,-65.28230542657131,0.1512200145265312,-0.7876739160218055,-0.48828017043472177,99.48410522602718,2.0,6.0
-2.93146876450224,-4.8632974714484165,8.04391684893865,55.66311173590757,19.432203130247924,-65.81915853020853,0.09044481559012403,-0.7108861009278812,-0.460258067125116,99.46281762741728,2.0,6.0
-2.865861316877907,-4.878986136361624,8.102393144409954,55.041033526983036,19.656901292327216,-66.35601163384726,0.0296696166535442,-0.6340982858337385,-0.4322359638154305,99.44153002880729,2.0,6.0
-2.641363515595437,-5.414948704056793,8.450045941978042,53.17204759870087,20.025231135682784,-66.63631384657715,-0.012167883058908799,-0.1731651466433989,-0.1936564223711636,99.4202424301974,2.0,6.0
-2.6099860427179635,-5.457736193947807,8.48926774850419,52.776774733405816,20.090824588136332,-66.45830111311784,-0.024541276832930135,-0.11639311009102137,-0.15180524038725388,99.3989548315875,2.0,6.0
-2.5786085698404007,-5.500523683838942,8.52848955503045,52.381501868109645,20.156418040590076,-66.28028837965802,-0.036914670606986645,-0.05962107353848245,-0.10995405840322524,99.37766723297753,2.0,6.0
-2.92833966226692,-5.248160757446867,8.174843489513345,52.61871647651012,20.608283119545906,-66.0145496166755,-0.2088645281829155,0.28731339203762907,0.06268114249534577,99.35637963436761,2.0,6.0
-2.981823987675807,-5.334448847198987,8.13490857540129,52.79553320700922,20.714499016152256,-66.35269876370889,-0.1422665562667773,0.29713932501720386,0.07396276633566753,99.33509203575773,2.0,6.0
-3.0353083130848457,-5.42073693695135,8.09497366128912,52.97234993750884,20.820714912758906,-66.69084791074323,-0.0756685843504499,0.30696525799680663,0.08524439017602135,99.31380443714777,2.0,6.0
-3.0887926384937328,-5.507025026703468,8.055038747177065,53.149166668007936,20.926930809365256,-67.0289970577766,-0.009070612434311731,0.3167911909763814,0.09652601401634314,99.29251683853785,2.0,6.0
-3.276274880583147,-5.714712751523552,7.809269439440989,52.92983572490522,19.944757093426887,-67.47828891455802,-0.10228488079625878,0.3376752848730665,0.12866874860682495,99.27122923992793,2.0,6.0
-3.3297592059920342,-5.733253992215673,7.814974447351711,53.34175478465826,19.733798707959554,-67.68450992285861,-0.01931036106671999,0.35477967692474777,0.1508680717841424,99.24994164131805,2.0,6.0
-3.3832435314010727,-5.751795232907847,7.820679455262451,53.75367384441248,19.522840322491614,-67.8907309311598,0.06366415866305461,0.3718840689764776,0.17306739496152296,99.22865404270809,2.0,6.0
-3.357450932871226,-5.594651265939941,7.822369142374267,53.32499446443048,20.405814581383265,-67.67990276150164,-0.019912812553355943,0.33578901138429934,0.13150136009366423,99.20736644409816,2.0,6.0
-3.395246521841376,-5.595364374196399,7.8230822506307245,53.54901902726596,20.242474432457637,-67.14994823269352,0.03904276625060656,0.40711798038600455,0.17917531028893335,99.18607884548825,2.0,6.0
-3.433042110811633,-5.59607748245286,7.823795358887185,53.77304359010209,20.079134283531538,-66.6199937038839,0.0979983450547366,0.4784469493879124,0.226849260484338,99.16479124687832,2.0,6.0
-3.4708376997817836,-5.596790590709318,7.8245084671436445,53.99706815293757,19.915794134605903,-66.09003917507579,0.1569539238586991,0.5497759183896176,0.2745232106796072,99.1435036482684,2.0,6.0
-3.601862735769231,-5.533961993400354,8.047418319919638,55.652737008507366,18.78891065387307,-65.16261869006568,0.13207037541349667,0.5700601644944489,0.2952075955439279,99.12221604965848,2.0,6.0
-3.6938557625028072,-5.538240642790106,8.173641321399986,55.89891481536209,18.317903383059168,-65.42871692233548,0.1335260664232594,0.7272750540211198,0.3792738911678697,99.10092845104852,2.0,6.0
-3.7858487892361214,-5.542519292179846,8.299864322879975,56.14509262221611,17.84689611224661,-65.69481515460453,0.134981757433018,0.8844899435473441,0.46334018679157246,99.07964085243864,2.0,6.0
-3.731769431763364,-5.4483320609519374,8.069624395722359,55.516722328783146,19.30184540542005,-65.50559351227255,0.1982466187159209,1.0076070721593535,0.5602664809272021,99.05835325382871,2.0,6.0
-4.111864646607849,-5.1559511558000075,7.740161009186076,55.6991075063958,19.416530492624247,-65.47393366596664,0.22080986162825697,0.9999646599736701,0.5599025548592531,99.03706565521875,2.0,6.0
-4.491959861451253,-4.8635702506489045,7.410697622650733,55.88149268400794,19.531215579828125,-65.44227381966083,0.24337310454052896,0.992322247788008,0.5595386287913051,99.01577805660884,2.0,6.0
-4.0688246725505195,-5.44687612225068,7.976873512764129,58.154813841173606,18.234317657030235,-64.92702158485625,0.2835503230250152,1.0154734793674027,0.6006757927547819,98.9948579320566,2.0,6.0
-4.479584255070844,-5.292841192974868,7.890585423011767,58.20752871353395,17.80245997575499,-64.82675327812387,0.24206306316012788,0.9852678648005416,0.5766568494449515,98.97499010893264,2.0,6.0
-4.8903438375900015,-5.138806263699496,7.804297333259647,58.26024358589413,17.370602294480967,-64.7264849713918,0.20057580329535843,0.9550622502337661,0.5526379061351895,98.95512228580871,2.0,6.0
-5.301103420109159,-4.984771334424123,7.71800924350753,58.312958458254315,16.938744613206943,-64.62621666465971,0.1590885434305891,0.9248566356669906,0.5286189628254273,98.93525446268481,2.0,6.0
-5.158949727310335,-4.783998760618148,7.405531873896307,60.84494534145208,16.745618928963474,-63.860886289314486,0.0031928380684139073,1.1040675732332184,0.5378491438957511,98.91538663956084,2.0,6.0
-5.336436948074335,-4.758337964452705,7.58800871868374,61.486161238057946,16.379957002694276,-63.16765897913445,0.005375385667489147,1.116435364170631,0.5465793283315875,98.89551881643693,2.0,6.0
-5.513924168838333,-4.732677168287263,7.770485563471171,62.12737713466381,16.01429507642508,-62.474431668954416,0.007557933266564387,1.1288031551080435,0.555309512767424,98.87565099331299,2.0,6.0
-5.92819066335243,-4.64830390154706,7.1401903469604635,61.98784499681832,15.854952523177708,-61.46176885466833,0.019379401399573448,1.221718013788788,0.606922719989213,98.85578317018911,2.0,6.0
-5.930330130204383,-4.6290495532689775,7.170854712252118,62.40533023394071,15.65246446317976,-61.29818540435063,-0.04794641475503665,1.3814803390759622,0.7321123485905293,98.83591534706514,2.0,6.0
-5.932469597056331,-4.609795204990951,7.201519077543685,62.822815471061915,15.449976403182385,-61.13460195403339,-0.1152722309094554,1.541242664362682,0.8573019771914896,98.81604752394122,2.0,6.0
-6.271097496088721,-4.823366743866147,6.648276636727229,64.78126525723296,15.002775819773944,-60.15286742715833,-0.20077564990162783,1.396816902049108,0.7242284907562496,98.79617970081729,2.0,6.0
-6.5941427689164955,-4.645085703674153,5.952267344123345,66.22444854580998,14.52269964026862,-59.07571647195605,-0.26737362181795526,1.440851621516356,0.8206681575044829,98.77631187769335,2.0,6.0
-6.91718804174335,-4.466804663482664,5.256258051521439,67.66763183438287,14.042623460764665,-57.998565516756834,-0.33397159373409346,1.4848863409834792,0.917107824252442,98.75644405456944,2.0,6.0
-7.2402333145702045,-4.2885236232911765,4.560248758919533,69.11081512295577,13.562547281260704,-56.92141456155762,-0.4005695656502316,1.5289210604506023,1.0135474910004012,98.73657623144553,2.0,6.0
-7.064853412107504,-4.464383693991612,4.821497609166399,67.30644942799493,14.030611104501844,-57.20156865195537,-0.1654006063535901,1.3299249554175732,1.096367120245975,98.71670840832152,2.0,6.0
-7.2381426920450895,-4.472228026448192,4.6467822618765195,68.29404830494717,12.492362966075508,-55.805747881692966,-0.08861278172292264,1.287709851314523,1.1560505718984475,98.69684058519763,2.0,6.0
-7.411431971982675,-4.480072358904775,4.472066914586638,69.28164718189939,10.954114827649173,-54.40992711143056,-0.011824957092255173,1.2454947472114732,1.21573402355092,98.67697276207373,2.0,6.0
-7.793234725473792,-3.7646661674666095,3.9322497466743855,69.63914821177393,13.032508602146816,-53.91018381050536,0.02125784040865935,1.2342902018021946,1.257976931811536,98.65710493894974,2.0,6.0
-7.962245078562016,-3.467293349473716,3.7297224525156345,70.16762935191016,11.974773235326488,-53.17624566963688,-0.005672484622596673,1.1473125292253696,1.3220274250518342,98.63723711582583,2.0,6.0
-8.131255431650242,-3.1699205314808223,3.527195158356883,70.6961104920464,10.91703786850616,-52.44230752876841,-0.032602809653852705,1.0603348566485444,1.3860779182921323,98.61736929270192,2.0,6.0
-8.415333736730588,-2.428171532625139,2.8509655300493955,72.06852734319315,7.880587423588283,-51.49149064038902,-0.04850328142403292,1.0916287333966608,1.4055666752107343,98.597501469578,2.0,6.0
-8.490211804701008,-2.2513167123733324,2.7832186857575767,72.14345230809806,7.311834562564234,-51.04962616895261,-0.08489561254745531,1.01302130293844,1.445234314943172,98.57763364645405,2.0,6.0
-8.565089872671217,-2.074461892122028,2.715471841465952,72.2183772730028,6.7430817015418025,-50.60776169751746,-0.12128794367077426,0.9344138724804428,1.4849019546754967,98.55776582333012,2.0,6.0
-8.639967940641425,-1.8976070718707243,2.6477249971743264,72.2933022379075,6.174328840519371,-50.16589722608233,-0.1576802747940932,0.8558064420224453,1.5245695944078212,98.53789800020621,2.0,6.0
-8.37620792633791,-0.7433269137627789,2.8324322207003902,73.48608028370286,7.227919947497409,-49.82209322936201,-0.304696971539892,0.9191557641075806,1.6170227506289134,98.51803017708224,2.0,6.0
-8.443241803710592,0.06321658904410477,2.4801487810644804,73.58043226200476,6.518037058704111,-49.22353251464087,-0.36583608782706784,0.9504531569527059,1.5999183490404891,98.49816235395832,2.0,6.0
-8.51027568108327,0.8697600918509885,2.12786534142857,73.67478424030669,5.808154169910811,-48.62497179991974,-0.42697520411424367,0.9817505497978314,1.5828139474520646,98.4782945308344,2.0,6.0
-8.543452992540448,0.8338576903070885,2.482337559465185,74.06805827026872,2.6187744029386275,-47.66132176694765,-0.44120374081905417,0.9172024902893152,1.5541468147196256,98.45842670771043,2.0,6.0
-8.621183495622653,0.9522363199914291,2.189956654314084,74.18740342979926,1.776231220566347,-46.53625584897992,-0.4834188544588473,0.8615222248627302,1.3321535781780796,98.43855888458653,2.0,6.0
-8.698913998704857,1.0706149496757695,1.8975757491629828,74.30674858932977,0.9336880381940665,-45.41118993101218,-0.5256339680986405,0.8058419594361452,1.110160341636533,98.4186910614626,2.0,6.0
-8.894698019093907,0.6619542204887752,1.56832516527395,73.62676770087955,1.1494550149481002,-45.358427094843485,-0.6874797192488279,0.8373519396418837,1.0713889242507186,98.39882323833864,2.0,6.0
-9.108635320729457,0.565682438567476,1.830754860403106,73.7266858470129,0.4480418984936601,-44.3900551313434,-0.6248848954116045,0.8733803534144338,1.0586516000129067,98.37895541521472,2.0,6.0
-9.322572622365005,0.46941065664617687,2.0931845555322615,73.82660399314622,-0.2533712179607801,-43.421683167843305,-0.5622900715743813,0.909408767186984,1.0459142757750948,98.3590875920908,2.0,6.0
-9.536509924001159,0.37313887472460405,2.3556142506621636,73.92652213927985,-0.9547843344172142,-42.45331120434045,-0.49969524773697993,0.9454371809596368,1.0331769515372466,98.33921976896684,2.0,6.0
-9.355860894119763,0.5159051008016495,1.7329094093837263,74.31697117162248,-2.202339147973437,-42.45579894037409,-0.5503571408280732,1.0722304884619227,1.2813019014639135,98.31935194584291,2.0,6.0
-9.57692927638275,0.4567157954962224,1.49543903050821,73.81423355413027,-2.820183615135961,-41.867583837225204,-0.46301552705862137,1.0827842561430348,1.3912067629140088,98.29948412271901,2.0,6.0
-9.797997658646356,0.39752649019062714,1.2579686516320183,73.3114959366366,-3.438028082300241,-41.27936873407466,-0.3756739132889213,1.0933380238241772,1.5011116243644165,98.27961629959503,2.0,6.0
-10.002364076220308,0.28439778069254396,1.7430242494959929,73.01517964896996,-3.176336494232582,-42.35713182819583,-0.5985188969768745,1.075226916800722,1.3621426528264955,98.25974847647112,2.0,6.0
-9.934617374979831,1.2121725151887703,0.7553471712498211,73.50758985099587,-3.9475779493100056,-41.751677078135344,-0.3637883481184455,0.9787872309792767,1.3217471593191472,98.2398806533472,2.0,6.0
-9.866870673739353,2.139947249684997,-0.2323299069963509,74.0000000530218,-4.718819404387429,-41.146222328074856,-0.12905779926001637,0.8823475451578312,1.2813516658117987,98.22001283022328,2.0,6.0
-9.799123972498682,3.0677219841838603,-1.2200069852453304,74.49241025504912,-5.490060859467045,-40.540767578012655,0.1056727495990798,0.7859078593361115,1.2409561723043354,98.20014500709932,2.0,6.0
-9.802013984169566,2.4213456122082047,-0.33496034426507515,72.35382902053114,-7.4739389921405746,-37.5831813032803,0.3489132595331601,0.4016332375883852,0.7099076119690704,98.18027718397542,2.0,6.0
-9.781333277668578,3.5616312567384183,-1.0438058642839616,72.55842656996943,-7.496150224325919,-37.209918440121456,0.30305891993359246,0.23786773084414936,0.46425938046294607,98.1604093608515,2.0,6.0
-9.760652571167533,4.701916901271872,-1.7526513843048628,72.7630241194083,-7.518361456511324,-36.836655576961554,0.2572045803338945,0.07410222409944804,0.21861114895612363,98.14054153772751,2.0,6.0
-9.854935951231456,3.983781889188544,-0.5911556377720162,73.26915388378606,-10.438497429551294,-38.73022984770106,0.1373817188109408,-0.06926378137741436,-0.3564273527015825,98.12067371460361,2.0,6.0
-9.943363361357108,3.416134947050388,-0.2645447674109852,73.3627509716461,-9.60546085423467,-38.927312615187454,0.01182816809084014,-0.06489670194063929,-0.33895903495448226,98.10080589147971,2.0,6.0
-10.031790771483012,2.848488004910619,0.062066102950974145,73.45634805950638,-8.772424278915675,-39.124395382674415,-0.11372538262961734,-0.06052962250385184,-0.3214907172073324,98.0809380683557,2.0,6.0
-10.115145816825931,3.671440507407924,-0.20519639212529284,72.99198659975971,-8.003538834738084,-37.35430769287348,-0.1298048146440562,-0.03519870567113303,-0.16556693711801268,98.0610702452318,2.0,6.0
-9.956119270347807,3.2920584120713547,-0.10963773924757211,73.3761839493077,-7.915299861120611,-37.134291785586086,-0.10942510921499758,-0.030103778717821925,-0.11607336202192732,98.0412024221079,2.0,6.0
-9.797092723869229,2.9126763167337075,-0.014079086369579828,73.76038129885679,-7.827060887502887,-36.914275878298064,-0.08904540378588105,-0.025008851764496343,-0.0665797869257013,98.02133459898394,2.0,6.0
-9.638066177391101,2.5332942213971386,0.08147956650814087,74.14457864840477,-7.738821913885412,-36.694259971010666,-0.06866569835682243,-0.019913924811185243,-0.01708621182961592,98.00146677586001,2.0,6.0
-9.836490844520762,2.034162529228247,0.1829682724989708,71.43010835907155,-7.750108763533888,-37.26028747111467,-0.044855508324068726,-0.07102446876510835,-0.16152105197152955,98.0,2.0,6.0
-9.701710265907604,2.2152960665205628,0.10666397982020716,71.96340074798708,-7.256454817611485,-36.95218150645431,-0.06559913825645343,-0.12925220333079024,-0.3121853052062558,98.0,2.0,6.0
-9.566929687294062,2.396429603813393,0.030359687141226693,72.49669313690413,-6.76280087168768,-36.64407554179306,-0.08634276818889709,-0.18747993789663764,-0.46284955844141024,98.0,2.0,6.0
-9.471729316900593,2.3547469892708657,-0.11270933113120292,73.58702281889286,-7.402802405621472,-36.85038321037305,-0.05197277803288142,-0.0773202074484571,-0.2506361109874791,98.0,2.0,6.0
-9.553025646398808,2.4766912641730987,-0.13410305938740905,73.73056078848195,-7.005858321454351,-37.13211126823413,-0.023222835253366558,-0.14646564373532048,-0.4009364421030651,98.0,2.0,6.0
-9.634321975897256,2.598635539075678,-0.15549678764367597,73.87409875807145,-6.608914237286104,-37.413839326096,0.005527107526230021,-0.2156110800223804,-0.5512367732190782,98.0,2.0,6.0
-9.805123413094627,1.9905410181297112,0.28479546267846734,72.4415639757903,-7.7942786119495375,-35.6977946250686,0.3822607555218028,-0.3110344001191188,-0.7815363080202686,98.0,2.0,6.0
-9.84648454476268,2.1780926691305167,0.24058175761564135,73.35899920222991,-7.383157663158406,-36.30732396771942,0.5809628810709385,-0.41147723878785064,-0.9347480351624634,98.0,2.0,6.0
-9.887845676430851,2.365644320131856,0.1963680525526897,74.27643442867209,-6.972036714366109,-36.91685331037196,0.7796650066206389,-0.5119200774568681,-1.0879597623050932,98.0,2.0,6.0
-9.929206808098904,2.5531959711326615,0.1521543474898637,75.1938696551117,-6.560915765574979,-37.52638265302278,0.9783671321697744,-0.6123629161255999,-1.241171489447288,98.0,2.0,6.0
-10.0931925998475,0.7747874940499517,0.6702683340414998,74.34432259617968,-5.160303110777805,-38.32421045298621,0.14492022945029148,-0.5270199082028004,-1.0426096093948123,98.0,2.0,6.0
-10.190890697076693,1.0636028207411838,0.7401545225487148,74.83597790776508,-4.38862624615229,-38.51439689631544,-0.11965202854582536,-0.6769563171996722,-1.119033497601442,98.0,2.0,6.0
-10.288588794305609,1.352418147431595,0.8100407110557315,75.32763321934912,-3.616949381528969,-38.70458333964412,-0.38422428654119006,-0.8268927261961178,-1.1954573858078543,98.0,2.0,6.0
-10.132869539794214,1.7844082727684245,0.7213422640396961,73.74837944626391,-2.785167242888847,-38.82922026069091,-0.09687675904615833,-0.7843967398725694,-1.391721940966434,98.0,2.0,6.0
-10.02233520561126,0.8773143091436243,1.1313886889062115,73.97716070770846,-1.5678900975007524,-39.86274916083939,-0.23080053758035277,-0.6981469210705229,-1.260345607729486,98.0,2.0,6.0
-9.911800871428625,-0.029779654478597536,1.5414351137715612,74.20594196915233,-0.3506129521161174,-40.896278060984926,-0.3647243161141664,-0.6118971022687214,-1.1289692744929107,98.0,2.0,6.0
-9.928883691562584,-0.907571976716227,2.090582217194274,74.54286670117875,-0.11542633384632488,-40.72173776917496,0.43740212109332166,-0.4981048889944144,-1.0702359519402043,98.0,2.0,6.0
-9.807652736438449,-1.1207961397720587,1.9893185415043808,74.62260294347321,0.8672100797297929,-40.70570548229253,0.46360460188637154,-0.5137535949537647,-1.0411220965782095,98.0,2.0,6.0
-9.686421781314658,-1.334020302827285,1.888054865814776,74.70233918576746,1.8498464933031185,-40.689673195410144,0.489807082679347,-0.5294023009130705,-1.0120082412162976,98.0,2.0,6.0
-9.565190826190868,-1.5472444658825109,1.7867911901251703,74.7820754280617,2.832482906876443,-40.67364090852776,0.5160095634723224,-0.5450510068723764,-0.9828943858543857,98.0,2.0,6.0
-9.46644745197454,-1.54304806040248,1.372981297240017,74.86591437900091,2.2324030772827164,-42.20760968724404,-0.24293990491304351,-0.61483532924713,-0.9479746178449312,98.0,2.0,6.0
-9.337371734048265,-2.067194369302419,1.7552159087519863,74.76326772296433,3.1003544322648624,-42.223237245475424,-0.07517125485778765,-0.6417656638152057,-1.0069302157225475,98.0,2.0,6.0
-9.208296016122356,-2.591340678200868,2.1374505202628686,74.66062106692803,3.9683057872445415,-42.23886480370676,0.0925973951969914,-0.6686959983832049,-1.0658858135999962,98.0,2.0,6.0
-9.46843142202684,-0.460866149894777,1.4839163255593784,73.9538390732786,4.8899057591872195,-43.82961292421509,0.718436981575909,-0.7946408257087993,-1.1980860501979476,98.0,2.0,6.0
-9.359323584349628,-0.6006385173724641,1.7249523019697564,74.03908691416012,5.710240002963219,-44.58141597902611,0.6358263744285325,-0.8190236959061428,-1.2235606986736438,98.0,2.0,6.0
-9.250215746672726,-0.7404108848497539,1.9659882783794491,74.1243347550414,6.5305742467368875,-45.333219033835,0.5532157672813909,-0.8434065661034167,-1.2490353471492677,98.0,2.0,6.0
-9.216701031811825,-1.621238576870698,2.2238923819518543,73.64515136211642,6.116133919628221,-44.5986736283682,-0.26015162022179544,-0.97575651517,-1.2214270488105772,98.0,2.0,6.0
-9.066944895870982,-2.0697937221352367,2.4663545783024206,72.6186984202199,7.936640969192286,-46.307877882521886,-0.17244610340644037,-0.9473704945095448,-1.210509373315408,98.0,2.0,6.0
-8.917188759930566,-2.5183488673985006,2.708816774652297,71.59224547832629,9.757148018751176,-48.01708213667073,-0.08474058659133461,-0.9189844738491699,-1.1995916978202703,98.0,2.0,6.0
-8.76743262399015,-2.9669040126617645,2.951278971002175,70.5657925364327,11.577655068310069,-49.72628639081957,0.0029649302237712005,-0.8905984531887955,-1.1886740223251326,98.0,2.0,6.0
-8.169022450455975,-2.078675131595374,3.049356419399582,71.5146573385609,10.768507369999128,-47.49341779163524,0.30145743494866806,-0.9031304609635256,-1.2954368327687584,98.0,2.0,6.0
-8.099849390992537,-2.219160618579499,3.17557942087957,70.98339310974058,11.822007812503053,-48.4122581999596,0.19046082621463808,-0.8554565012315133,-1.2968925370405504,98.0,2.0,6.0
-8.030676331529097,-2.359646105563624,3.301802422359557,70.45212888092026,12.875508255006975,-49.33109860828396,0.07946421748060822,-0.8077825414995009,-1.2983482413123424,98.0,2.0,6.0
-7.34329341494655,-5.151072672397662,4.603604897328956,70.2375573070266,12.44448500248738,-50.462567355246826,-0.5988980669261136,-1.0220037553360783,-1.4054470366688403,98.0,2.0,6.0
-7.361834655638723,-4.982062185794552,4.4937838161672445,70.10713439061401,13.440861726732471,-51.18960692128827,-0.5839772040129529,-0.9266558549452691,-1.2904472464769678,98.0,2.0,6.0
-7.380375896330847,-4.813051699191922,4.383962735005845,69.97671147420176,14.437238450974728,-51.91664648732765,-0.5690563410998348,-0.8313079545547308,-1.175447456285422,98.0,2.0,6.0
-7.308406041517075,-4.647800837034253,4.39568650273534,67.71052202334454,16.68076674934567,-53.713371098778914,-0.2786076891489111,-0.5091730094985759,-0.731439537546021,98.0,2.0,6.0
-7.351906636609934,-4.8474756913132016,4.399965294282169,67.46434194674495,17.151773447954977,-53.44727286650911,-0.2902532351084063,-0.5073533790843249,-0.7310756114780719,98.0,2.0,6.0
-7.395407231702669,-5.0471505455915855,4.404244085828988,67.21816187014605,17.62278014656295,-53.18117463424007,-0.3018987810678683,-0.5055337486700792,-0.7307116854101239,98.0,2.0,6.0
-7.438907826795401,-5.2468253998699685,4.4085228773758045,66.97198179354713,18.09378684517092,-52.91507640197102,-0.3135443270273304,-0.5037141182558331,-0.730347759342176,98.0,2.0,6.0
-7.394469245549962,-5.608793502525916,4.289440116084745,68.26753867733753,18.787785111358993,-53.26008931469814,-0.24831388257631248,-0.4361235780089196,-0.6922183069874022,98.0,2.0,6.0
-7.181958297369004,-5.655859642700739,4.331514496005667,67.407579570893,19.325422097137313,-54.113775075195406,-0.15478558324473254,-0.4918038482038762,-0.7326138004947506,98.0,2.0,6.0
-6.969447349188044,-5.702925782875561,4.373588875926588,66.54762046444847,19.863059082915637,-54.96746083569268,-0.06125728391315258,-0.5474841183988329,-0.7730092940020991,98.0,2.0,6.0
-7.282975213006994,-6.1761263131924,4.206560599308056,66.41744974261537,20.3398434297534,-52.03904309250317,-0.06494820316638315,-0.6966233759366993,-0.9287190493273166,98.0,2.0,6.0
-6.873641869501506,-6.216061227304454,4.441178462009259,65.57691652423235,20.73635034961388,-52.73603947616952,-0.07368236203993325,-0.7384745531522374,-0.9389089080023104,98.0,2.0,6.0
-6.464308525996019,-6.255996141416508,4.67579632471046,64.73638330584932,21.13285726947436,-53.43303585983588,-0.08241652091348334,-0.7803257303677755,-0.9490987666773042,98.0,2.0,6.0
-6.054975182489369,-6.295931055528677,4.910414187412331,63.89585008746391,21.529364189335965,-54.130032243504225,-0.09115067978705828,-0.8221769075834324,-0.9592886253523267,98.0,2.0,6.0
-6.26798188322512,-6.636562656863632,4.972881819565528,63.239698314920005,21.965634524758965,-54.635400736378074,-0.060934983288622166,-0.7770400973736454,-0.836240053866503,98.0,2.0,6.0
-5.999847212967795,-7.0230759854155265,5.149736639816832,62.53439817453978,22.91715452903056,-55.03118290190505,-0.05438436368642476,-0.663132092613007,-0.6510030467255582,98.0,2.0,6.0
-5.731712542709708,-7.409589313968518,5.326591460068639,61.82909803415757,23.868674533304866,-55.42696506743316,-0.047833744084208735,-0.5492240878520447,-0.46576603958408686,98.0,2.0,6.0
-5.502006070400252,-6.833910138463504,4.9335861154701535,61.62272697948601,23.432225114978,-56.583499242686194,-0.3834877115093136,-0.6990593281737474,-0.643592155159638,97.97635504409497,2.0,6.0
-5.427128140712818,-6.500168111181093,4.743895067801868,61.5838729550758,23.714484102404505,-56.89688259305822,-0.2317316919171664,-0.7267174974432838,-0.6909021880041384,97.93661939784717,2.0,6.0
-5.352250211025387,-6.16642608389868,4.554204020133584,61.54501893066559,23.996743089831007,-57.21026594343025,-0.07997567232501923,-0.7543756667128206,-0.7382122208486387,97.89688375159933,2.0,6.0
-5.358047847942359,-6.432250526131966,4.720864598014432,61.18214553521852,24.838275285819368,-56.23739512064789,0.020671321936171896,-0.5897078469198005,-0.5551671538259995,97.85714810535141,2.0,6.0
-5.130561199382996,-6.373774373711976,4.879891287543707,59.94633605645988,25.300376230337992,-56.75637648203658,0.03559217769673267,-0.6606728985707369,-0.655246060838848,97.81741245910355,2.0,6.0
-4.903074550823632,-6.315298221291985,5.03891797707298,58.71052657770124,25.762477174856613,-57.27535784342527,0.05051303345729344,-0.7316379502216733,-0.7553249678516963,97.77767681285574,2.0,6.0
-4.675587902263622,-6.256822068871828,5.197944666602708,57.47471709893908,26.22457811937655,-57.79433920481543,0.06543388921789661,-0.8026030018728113,-0.8554038748648292,97.73794116660781,2.0,6.0
-3.993390881260556,-6.892624009537932,5.900266807748247,58.111252390598125,24.83847761985133,-58.42953357847406,-0.09286442296365238,-0.6308176867517045,-0.8183084266964593,97.69820552035996,2.0,6.0
-3.909242188175916,-6.921148906636447,5.956603635026333,57.2929258982893,25.09809050437258,-58.78492695005577,-0.1412662269339453,-0.592969659999267,-0.795017334777535,97.65846987411214,2.0,6.0
-3.825093495091036,-6.949673803735044,6.012940462304579,56.474599405978154,25.357703388894567,-59.14032032163848,-0.18966803090437573,-0.5551216332467219,-0.7717262428585446,97.61873422786421,2.0,6.0
-3.3984061400290275,-8.086023630967919,6.057457323735961,56.96152734298988,26.8167397185678,-57.667438998519856,-0.32877788897257676,-0.23378337007896804,-0.367992912486972,97.57899858161635,2.0,6.0
-3.4312098280783134,-8.168745894304022,5.964751120275352,56.36722539444305,26.913013026368002,-57.49288238078321,-0.2854710137437343,-0.19557141643901868,-0.31340440864943614,97.53926293536855,2.0,6.0
-3.4640135161276935,-8.251468157640366,5.87204491681448,55.772923445894556,27.00928633416849,-57.31832576304605,-0.24216413851476876,-0.15735946279896068,-0.2588159048117452,97.4995272891206,2.0,6.0
-3.3899952851210964,-8.422514899017033,6.026229739920324,55.25890991100363,27.56909440697735,-57.174973139295034,-0.15692237794914377,-0.02319562831759672,-0.0466052914580502,97.45979164287279,2.0,6.0
-3.5105132733259428,-8.21428274417103,5.798029990927612,55.44958749660526,27.5257110518367,-57.72624415827647,-0.08304594457671342,-0.06541073242064671,-0.10410517701707994,97.42005599662497,2.0,6.0
-3.6310312615307887,-8.006050589325028,5.5698302419348975,55.640265082206895,27.482327696696057,-58.2775151772579,-0.009169511204283054,-0.10762583652369669,-0.16160506257610968,97.38032035037712,2.0,6.0
-3.7515492497359775,-7.797818434478434,5.341630492941538,55.83094266780906,27.438944341555285,-58.82878619624089,0.0647069221683573,-0.14984094062686665,-0.21910494813530285,97.34058470412918,2.0,6.0
-3.5906009191564605,-7.676050081039752,5.386783221106785,55.174271008567466,27.931254510836997,-57.62822691203014,-0.03030190355089446,-0.10946983214272513,-0.12148781281765111,97.30084905788136,2.0,6.0
-3.524993471532313,-7.854331254745645,5.504448778968006,55.19091493804896,27.785890140491052,-57.65643973589791,0.00281512134760447,-0.1447703921402516,-0.19536425095845308,97.26111341163352,2.0,6.0
-3.4593860239079803,-8.032612428452044,5.622114336829561,55.207558867530494,27.640525770144706,-57.68465255976576,0.035932146246197526,-0.18007095213787844,-0.26924068909946497,97.22137776538558,2.0,6.0
-3.612030908514976,-7.3297752968995775,5.437962932336346,55.11579434975303,27.721386909069054,-57.22593862408336,0.031326924473077646,-0.17635586973684816,-0.27093344340685854,97.18164211913776,2.0,6.0
-3.495791637351141,-7.418915816995321,5.513554110276646,54.87791122063338,28.034325751842207,-57.54277128094341,0.035694003909852695,-0.12467875238917787,-0.19669308314691636,97.14190647288991,2.0,6.0
-3.379552366186976,-7.50805633709132,5.589145288217161,54.640028091513045,28.34726459461625,-57.859603937804394,0.04006108334664016,-0.07300163504136073,-0.12245272288676312,97.102170826642,2.0,6.0
-3.3779776397707386,-8.071021474226363,5.665286596395841,53.26889761012583,27.830667109385395,-58.39651031122749,0.23192915955699425,-0.05555859006647097,-0.14921739619113988,97.06243518039416,2.0,6.0
-3.371559452748535,-7.892740300520471,5.656729155757306,53.87706041377518,27.584795699015743,-58.78419108973056,0.19699251929442224,-0.038454193246418175,-0.10591052096229744,97.02269953414634,2.0,6.0
-3.365141265726314,-7.71445912681407,5.648171715118749,54.48522321742625,27.3389242886454,-59.17187186823472,0.16205587903175095,-0.02134979642631676,-0.0626036457333319,96.9829638878984,2.0,6.0
-3.3587230787041102,-7.536177953108179,5.6396142744802145,55.09338602107561,27.093052878275746,-59.55955264673779,0.12711923876917897,-0.00424539960626396,-0.01929677050448944,96.94322824165056,2.0,6.0
-3.331700391376257,-7.7271644240428765,5.643556788356769,54.67784652192261,28.255504244913997,-58.6193495782903,0.09319052744534335,-0.005872237799592876,-0.027411636545628663,96.90349259540272,2.0,6.0
-3.3901765437964144,-7.588105195145512,5.635712455900167,54.122344011850736,27.8987449065344,-59.26905401554742,0.06771589565894769,-0.01205893468662113,-0.028139483689637756,96.8637569491548,2.0,6.0
-3.4486526962164046,-7.449045966248544,5.6278681234435854,53.566841501780445,27.541985568155816,-59.918758452802685,0.04224126387262442,-0.0182456315736318,-0.02886733083364477,96.82402130290696,2.0,6.0
-3.468593519461313,-7.402597473589344,5.6944841427550426,53.77523646088306,28.41475534904549,-59.37753585845864,0.1477176930483183,-0.042259261254899344,-0.06482638400410363,96.78428565665916,2.0,6.0
-3.460036078822754,-7.346260646311099,5.687352776025293,53.86123919220647,27.69216837394644,-59.33369774848846,0.1691891672190446,-0.056452271585126966,-0.08666178744652862,96.7445500104112,2.0,6.0
-3.45147863818422,-7.289923819033011,5.680221409295561,53.94724192352964,26.96958139884944,-59.28985963851841,0.19066064138970987,-0.07064528191531425,-0.1084971908888916,96.70481436416338,2.0,6.0
-3.4059766654023025,-7.252930629921798,5.691885546129102,53.85322669825981,27.746914527547613,-58.97038388966332,0.1295886974793433,-0.13319060066291527,-0.185593980348152,96.66507871791555,2.0,6.0
-3.371746688271444,-7.143109548760399,5.734673036020116,53.63477285228223,27.918723876607515,-59.13052486180062,0.16306964211279673,-0.1353741393382215,-0.18523005871329948,96.62534307166771,2.0,6.0
-3.337516711140488,-7.033288467598688,5.777460525911249,53.416319006304015,28.090533225667905,-59.290665833938384,0.1965505867463453,-0.13755767801353397,-0.18486613707844587,96.58560742541978,2.0,6.0
-3.3032867340096286,-6.923467386437289,5.820248015802264,53.19786516032644,28.262342574727807,-59.45080680607569,0.23003153137979876,-0.1397412166888402,-0.18450221544359327,96.54587177917197,2.0,6.0
-3.3156015709511077,-7.408894551157727,5.703567007339265,53.51666545533654,28.244182429713582,-59.98797849432277,0.17448509280591523,-0.17471216716741295,-0.20241638727309527,96.50613613292413,2.0,6.0
-3.28992910658033,-7.326172144770238,5.772026818550029,53.121390339368986,28.309776449603543,-59.8099703003527,0.13154213969609102,-0.1980032590864033,-0.21624547548418155,96.46640048667619,2.0,6.0
-3.2642566422096255,-7.243449738382986,5.8404866297606,52.726115223402545,28.375370469493316,-59.631962106383135,0.08859918658638886,-0.2212943510053274,-0.23007456369522852,96.42666484042836,2.0,6.0
-2.9164840909177725,-7.236175040889609,6.056743540624931,52.77408593827525,28.157575931330207,-62.39277380228175,0.1212058377882912,-0.18206022362580587,-0.2240977455868169,96.38692919418051,2.0,6.0
-2.8066630097560608,-7.2732573792228115,6.051038532714191,51.840006806193365,27.89181877114293,-61.75503393411645,0.08517742639982434,-0.1380254993901861,-0.1742402531398211,96.3471935479326,2.0,6.0
-2.696841928594662,-7.310339717555909,6.045333524803468,50.90592767411414,27.6260616109564,-61.117294065952976,0.049149015011459886,-0.0939907751546915,-0.12438276069296704,96.30745790168477,2.0,6.0
-2.587020847433263,-7.347422055889004,6.039628516892745,49.971848542034905,27.36030445076988,-60.47955419778949,0.013120603623095445,-0.04995605091919686,-0.07452526824611296,96.26772225543692,2.0,6.0
-2.7021383643833445,-7.036208623543319,6.029846066519696,52.14870796034068,26.853008004164995,-61.33326398314516,-0.0030903253783211293,-0.1208558437289802,-0.1479181189481856,96.22798660918899,2.0,6.0
-2.6144240642277845,-7.0326429401784525,6.046961090847912,52.36994489500234,26.68543411347911,-60.9882162231357,-0.03256811478030238,-0.06444772929574294,-0.09296569299150952,96.18825096294115,2.0,6.0
-2.5267097640722245,-7.029077256813589,6.064076115176128,52.59118182966401,26.51786022279323,-60.64316846312626,-0.06204590418228362,-0.008039614862505678,-0.03801326703483343,96.1485153166933,2.0,6.0
-2.4708767753457805,-7.296268009164718,6.210352067835864,52.69966798125917,26.615586773474305,-60.9338793965998,-0.030654367032465452,0.0238316982996226,-0.016987556435392653,96.10877967044551,2.0,6.0
-2.442364771923942,-7.671913608530678,6.439873666652224,51.6605770999095,27.04257938059183,-61.63400215355916,0.004630149778973587,0.04456590116144857,-0.00498354575803181,96.06904402419757,2.0,6.0
-2.4138527685021844,-8.047559207895569,6.669395265467934,50.621486218562794,27.469571987708143,-62.33412491051653,0.039914666590312335,0.0653001040232156,0.007020464919294922,96.02930837794975,2.0,6.0
-2.5080698744626133,-7.440126528307745,6.337509278267683,51.38178834347524,26.72597424932126,-60.616305066121996,-0.07419366102304646,0.1179029122768744,0.07796786751906219,95.99478622857545,2.0,6.0
-2.2998375479546422,-8.19104640440783,6.771088875741666,51.54196341900656,26.977553953606414,-60.926241398825226,-0.11495307664965113,0.42760166563440655,0.3843913218043224,95.97491780344457,2.0,6.0
-2.0916052214472636,-8.94196628050578,7.204668473214416,51.702138494537415,27.22913365789085,-61.23617773152758,-0.15571249227613992,0.7373004189910584,0.6908147760887117,95.95504937831375,2.0,6.0
-1.8833728949398845,-9.692886156603729,7.638248070687166,51.862313570068274,27.48071336217529,-61.546114064229926,-0.19647190790262872,1.0469991723477103,0.9972382303731008,95.93518095318291,2.0,6.0
-1.9277176910292055,-8.684338111843065,8.126213082110095,53.73791467341062,26.51885919846883,-60.114151967717,0.2315972623648636,0.7025048642261678,0.7051379543151335,95.91531252805203,2.0,6.0
-1.984767628277384,-8.748519272769828,8.076294368540498,54.97094331415657,26.052522795576188,-59.780077375126965,0.10458802316820176,0.958706875334333,0.9103907161557672,95.8954441029212,2.0,6.0
-2.0418175655255624,-8.812700433696588,8.026375654970904,56.203971954902514,25.586186392683548,-59.446002782536944,-0.022421216028460037,1.2149088864424986,1.1156434779964008,95.87557567779038,2.0,6.0
-2.7812000442004314,-8.066668071912066,7.057963959241346,54.26536489369235,26.77322936898548,-60.38009004632609,0.33716004355835466,1.513424254815554,1.3209234959160268,95.8557072526595,2.0,6.0
-3.519996812388236,-6.961325588392564,6.648630730176777,56.15653814198165,25.795701521696326,-59.380676670472496,0.3196917258112545,1.4788515438246799,1.2827115255867767,95.83583882752868,2.0,6.0
-4.25879358057604,-5.8559831048730615,6.239297501112207,58.04771139027094,24.81817367440718,-58.381263294618925,0.30222340806415426,1.4442788328338054,1.2444995552575269,95.81597040239784,2.0,6.0
-4.05442409588514,-6.066666610606934,5.0995241122176305,59.77918931169804,24.36823073975656,-58.554605234654815,0.04729410380838989,1.3889560183354375,1.0561256661692149,95.79610197726696,2.0,6.0
-4.41312564922954,-5.814933727153793,5.57731742428995,61.23623917741937,23.738555332347463,-57.69057386258529,-0.15977826862794522,1.5287025984592115,1.0492111238518307,95.77623355213615,2.0,6.0
-4.771827202573941,-5.563200843700653,6.055110736362269,62.6932890431407,23.108879924938368,-56.82654249051576,-0.36685064106428034,1.668449178582986,1.0422965815344465,95.75636512700531,2.0,6.0
-5.130528755919361,-5.311467960246797,6.532904048435945,64.15033890886617,22.479204517527485,-55.96251111844378,-0.573923013501204,1.808195758707157,1.0353820392170427,95.73649670187443,2.0,6.0
-6.002673838999078,-6.6397201389173155,4.3077773335752845,61.44852930307557,22.228157802440116,-56.146522930862815,-0.38159864954958994,1.591910435026739,0.9961157160589651,95.7166282767436,2.0,6.0
-6.146724971201096,-6.7616643470623465,3.739417195636349,63.48607477426513,21.822580829479055,-54.10628413081584,-0.38232649281929504,1.5333187831102884,1.1511470537968616,95.69675985161278,2.0,6.0
-6.290776103403113,-6.883608555207377,3.1710570576974124,65.52362024545468,21.417003856518004,-52.06604533076887,-0.3830543360890001,1.474727131193838,1.3061783915347576,95.67689142648196,2.0,6.0
-6.417747365227938,-6.33691472924337,3.5030902910948347,64.80859185803062,22.441578831053647,-53.22631795857588,-0.6328653885683132,1.6875598955050863,1.1938936184173674,95.65702300135108,2.0,6.0
-6.847048169365731,-5.663012370235194,2.822769780231196,67.12003457653438,21.26579666552737,-51.87840749715133,-0.48511251228670926,1.5692848253147642,1.251029567552142,95.63715457622024,2.0,6.0
-7.276348973503524,-4.989110011227018,2.1424492693675568,69.43147729503815,20.090014500001097,-50.53049703572677,-0.33735963600510543,1.451009755124442,1.3081655166869166,95.6172861510894,2.0,6.0
-7.604694565572019,-4.035082485398041,1.7000253726974424,68.76980775859768,19.410130266218648,-49.939370597289695,-0.38205261811493774,0.8029062446818109,0.9333159530936455,95.59741772595852,2.0,6.0
-7.735909317769168,-3.985876810272964,1.8191170742049023,68.83087187793662,18.990975526839147,-49.28438654272487,-0.31509072884803085,0.7796151527628865,0.9456893504439456,95.57754930082771,2.0,6.0
-7.867124069966313,-3.9366711351478862,1.9382087757123625,68.89193599727554,18.571820787459643,-48.629402488160025,-0.24812883958112403,0.7563240608439625,0.9580627477942456,95.5576808756969,2.0,6.0
-7.998338822163832,-3.887465460022669,2.057300477220161,68.95300011661465,18.152666048078952,-47.97441843359333,-0.18116695031402688,0.7330329689249722,0.9704361451445808,95.53781245056602,2.0,6.0
-7.95769445618381,-4.767925883060785,1.9006807432591415,71.96724187983233,17.67451889098775,-46.09733667923243,-0.12305034530712984,0.7613283061272356,1.0715173596527328,95.51794402543518,2.0,6.0
-8.324240324103398,-4.55969359470038,2.083953677218936,72.44022050989783,17.044407463681193,-45.648573594821215,-0.12268642367227728,0.8140971946006984,1.2378303403044373,95.49807560030433,2.0,6.0
-8.690786192024028,-4.351461306339382,2.267226611179251,72.91319913996466,16.414296036372846,-45.19981051040872,-0.1223225020374237,0.866866083074311,1.404143320956614,95.47820717517345,2.0,6.0
-8.300341789449577,-4.02530686225774,1.966014371563112,73.54168701171875,13.150177001953123,-44.26626586914063,-0.41946320921531466,0.7123463832603367,1.1599928478720156,95.45833875004264,2.0,6.0
-8.522123558248204,-4.095192960165697,1.923940025020792,73.54168701171875,13.150177001953123,-44.26626586914063,-0.3772480955755215,0.7833114349112733,1.389992428255107,95.4384703249118,2.0,6.0
-8.74390532704683,-4.165079058073653,1.881865678478472,73.54168701171875,13.150177001953123,-44.26626586914063,-0.3350329819357284,0.8542764865622096,1.6199920086381987,95.418601899781,2.0,6.0
-9.292950311767548,-3.683141073648749,1.3785800560023072,75.04014213626584,12.003030097577678,-41.32569105099269,-0.23967735059947604,0.9204162552614141,1.6573662447868,95.39873347465011,2.0,6.0
-9.280827187168104,-3.5797380394386376,1.2708982952144412,75.10950093333913,11.42580750236336,-41.253637842641616,-0.22584826596470767,0.9156852519173592,1.7006731104788992,95.37886504951928,2.0,6.0
-9.268704062568656,-3.4763350052285262,1.1632165344265752,75.17885973041246,10.84858490714904,-41.18158463429055,-0.2120191813299394,0.9109542485733043,1.7439799761709986,95.35899662438845,2.0,6.0
-9.256580937969176,-3.372931971018122,1.055534773638403,75.24821852748593,10.27136231193308,-41.109531425939274,-0.19819009669513185,0.9062232452292365,1.787286841863221,95.33912819925757,2.0,6.0
-9.432849172280264,-2.7106482927923907,0.8108504000985728,74.92361493983852,7.712828155343409,-39.47013769250464,-0.11913909244848188,0.7828946275006674,1.9376305808926824,95.31925977412675,2.0,6.0
-9.544809726403088,-2.4938584940560156,0.7124392596567677,74.94582503476725,7.575934110467435,-39.128539219909726,-0.14424979973147903,0.8003629369031173,1.995858324995108,95.29939134899593,2.0,6.0
-9.656770280526231,-2.2770686953190244,0.614028119214683,74.96803512969603,7.439040065591071,-38.78694074731386,-0.16936050701454763,0.8178312463056168,2.054086069097698,95.27952292386504,2.0,6.0
-9.82178228987873,-1.7274917675573327,0.7058797424051295,73.62213032384106,3.6705081691131056,-36.6375560031897,-0.25826856389149755,0.7976424542912981,1.9845995971619492,95.2596544987342,2.0,6.0
-9.819642681018717,-0.7982908703413811,0.251619564793238,74.23104347844254,1.881716665208483,-36.22958874092201,-0.3638063217649368,0.7983703064271942,2.0857702609954756,95.23978607360337,2.0,6.0
-9.817503072158695,0.13091002687721165,-0.20264061281994472,74.83995663304577,0.09292516129877536,-35.82162147865316,-0.4693440796386759,0.7990981585630923,2.1869409248292886,95.2199176484725,2.0,6.0
-9.81536346329868,1.0601109240931632,-0.6569007904318361,75.44886978764727,-1.6958663426058471,-35.41365421638547,-0.574881837512115,0.7998260106989882,2.288111588662815,95.2000492233417,2.0,6.0
-9.714421689551719,1.3510082011914863,-0.7054867134379874,74.52910676400654,-0.7186562785424819,-36.87900471052048,-0.16980279455451855,0.6136299728431753,2.0000217331716343,95.18018079821084,2.0,6.0
-9.263013951818913,2.347955909323296,-0.9593589554123548,73.98827001016029,-2.597160154278534,-35.808534053169765,-0.09519850740685241,0.45022838821761535,1.7893101204698112,95.16031237307996,2.0,6.0
-8.81160621408739,3.344903617452272,-1.213231197386001,73.44743325631556,-4.475664030009248,-34.73806339582212,-0.020594220259398305,0.28682680359251983,1.5785985077685867,95.14044394794912,2.0,6.0
-9.36811068755708,2.6162786741629924,-1.0460318947149587,72.80570395498121,-6.867430506373287,-34.10255380085788,-0.11482817362909836,0.4114685908272111,1.6539181972184362,95.12057552281831,2.0,6.0
-8.980884125056331,3.83999998764192,-1.016793799431394,72.87227967290738,-7.448887987758688,-34.215405096329285,0.1817693643658596,0.14325709256619468,0.859837462963972,95.10070709768743,2.0,6.0
-8.593657562556684,5.063721301117369,-0.9875557041479122,72.93885539083334,-8.030345469142436,-34.32825639180038,0.47836690235997453,-0.12495440569405945,0.06575672871176463,95.08083867255662,2.0,6.0
-8.262859113860483,4.7246720358409675,-1.2474602068233642,73.01276266199255,-8.404897973623838,-32.6534746610991,0.6663378611939537,-0.12269813891995192,0.0454607058746848,95.06097024742577,2.0,6.0
-8.606585233855288,4.562079662946828,-0.9664892710020864,73.00719649535324,-8.413367732849673,-33.02328594802503,0.43924969591095697,-0.09067288753143125,-0.18781415450718317,95.04110182229496,2.0,6.0
-8.95031135385107,4.3994872900522255,-0.6855183351800104,73.0016303287139,-8.421837492075536,-33.39309723495201,0.21216153062731505,-0.05864763614281955,-0.42108901488971406,95.02123339716408,2.0,6.0
-9.294037473845874,4.236894917158088,-0.40454739935873263,72.99606416207459,-8.430307251301373,-33.76290852187795,-0.014926634655681559,-0.026622384754298872,-0.6543638752715819,95.00136497203324,2.0,6.0
-9.86718025358822,3.0908915233167664,-0.802503930164676,71.85889540952182,-8.424712192247823,-34.18434071013909,0.16255705980408194,-0.0289029424329266,-0.847909296703162,94.9629931027797,2.0,6.0
-9.89713136824282,2.876954297974556,-0.8317420254482408,71.95249249738211,-7.591674472519649,-34.38142801711579,0.05519967226114986,-0.02453586299613913,-0.6910583483691186,94.92325625251796,2.0,6.0
-9.927082482897337,2.6630170726329534,-0.8609801207317224,72.04608958524214,-6.758636752793846,-34.57851532409193,-0.05215771528147711,-0.020168783559364085,-0.5342074000355209,94.88351940225633,2.0,6.0
-9.896160999712723,2.3700622284635533,-0.7444493977979536,74.27674228525972,-7.176646164241241,-33.47637224398787,-0.2393309446459501,-0.0666206205240911,-0.5351254378633336,94.84378255199465,2.0,6.0
-9.886890592751266,2.1768055641870565,-0.8571230237442163,74.37590554095142,-6.335139816583364,-33.30364601336619,-0.17782790147108757,-0.14413629893000263,-0.6373878871280576,94.80404570173289,2.0,6.0
-9.877620185789832,1.9835488999111093,-0.9697966496901588,74.47506879664286,-5.49363346892788,-33.13091978274501,-0.11632485829639984,-0.22165197733569383,-0.739650336392491,94.76430885147123,2.0,6.0
-9.8633232418773,1.8930317561167211,-1.0979170001935472,75.23169375450783,-5.347023561375089,-32.610325821949125,-0.1410042143858307,-0.20089676824487696,-0.6955297745788332,94.7245720012096,2.0,6.0
-9.92893061797606,1.7967599741951483,-1.0201864637325204,74.98824673683768,-5.04255449093993,-33.296974305226826,-0.08823533068058956,-0.23146632638855175,-0.7763207615937598,94.68483515094783,2.0,6.0
-9.994537994074632,1.7004881922738493,-0.9424559272717146,74.74479971916823,-4.738085420505636,-33.983622788502565,-0.03546644697549839,-0.26203588453213966,-0.857111748608457,94.64509830068617,2.0,6.0
-10.060145370173206,1.6042164103525502,-0.8647253908109089,74.50135270149877,-4.433616350071343,-34.67027127177831,0.01730243672959278,-0.29260544267572763,-0.937902735623154,94.60536145042451,2.0,6.0
-9.900247006538205,1.5715775040642503,-0.8011089015182402,74.09041182087932,-3.686638642128547,-34.640206997264,-0.017161549126024925,-0.5755448964690995,-1.4509100355828248,94.56562460016288,2.0,6.0
-9.829647584083233,1.3469433716785624,-0.7369277215178108,75.06821539448961,-1.9809803779650943,-34.2527490733741,0.061809812988080325,-0.6607029393769789,-1.5528085531916644,94.52588774990112,2.0,6.0
-9.759048161628463,1.122309239293513,-0.6727465415175642,76.04601896809713,-0.27532211380648963,-33.86529114948529,0.14078117510196117,-0.7458609822846163,-1.6547070708002143,94.48615089963947,2.0,6.0
-9.574197549913437,0.5508072252144637,-0.7988747435225747,75.05541436359363,-2.2834105917149112,-35.82924902514293,0.1535204279367324,-0.656802486393502,-1.6214179224084186,94.4464140493778,2.0,6.0
-9.636239385698467,0.28409873674959274,-0.4273370009071104,75.2620401112747,-0.7584652181768073,-36.066727414883374,0.11931163191234379,-0.7092074479796019,-1.712034854323877,94.40667719911603,2.0,6.0
-9.698281221483326,0.01739024828547986,-0.05579925829270226,75.46866585895516,0.7664801553569615,-36.30420580462315,0.08510283588805238,-0.7616124095655527,-1.8026517862390776,94.36694034885441,2.0,6.0
-9.479785032993384,-1.591524992479716,0.7404809279137469,76.31533471573584,1.2053366147811193,-36.13890696999086,0.05019212990493992,-0.7744794832832788,-1.797546368332175,94.32720349859272,2.0,6.0
-9.522572665935668,-2.012268286242736,0.8716957945521842,75.55732202042189,2.5887153684459023,-36.63495971199622,0.027264960105090927,-0.7526440798408539,-1.742593975753944,94.28746664833096,2.0,6.0
-9.565360298877827,-2.4330115800045604,1.0029106611902483,74.79930932511004,3.972094122106753,-37.13101245400016,0.004337790305307093,-0.730808676398491,-1.6876415831758689,94.24772979806933,2.0,6.0
-9.608147931819989,-2.853754873766385,1.1341255278283127,74.04129662979825,5.355472875767605,-37.6270651960041,-0.01858937949447674,-0.7089732729561279,-1.6326891905977938,94.20799294780767,2.0,6.0
-9.813314699429544,-2.2834052525078863,1.1020594893624516,74.94914469254797,7.572560417616898,-38.9639650398726,-0.0557647581222863,-0.7389473294996162,-1.5852413145967656,94.1682560975459,2.0,6.0
-9.684952377576023,-2.8653146610766926,1.2175856124092215,74.90750758660624,7.85058451887397,-39.46225742878816,-0.043027442229124656,-0.7269378757261287,-1.4647826926181151,94.12851924728426,2.0,6.0
-9.556590055722502,-3.4472240696455,1.3331117354559912,74.8658704806645,8.128608620131041,-39.96054981770372,-0.03029012633596303,-0.7149284219526411,-1.3443240706394652,94.0887823970226,2.0,6.0
-9.506284250236467,-3.730262702074043,1.353304626825496,73.47366794247709,10.739821882531887,-41.82799926100217,-0.06640274484266988,-0.7664489020108688,-1.1150734784088048,94.04904554676084,2.0,6.0
-9.36508540532693,-4.010520480241513,1.3725589751035243,73.9653232540611,11.511499891564387,-42.01819026289408,0.09226783316011548,-0.8701670492886064,-1.167842352577153,94.0093086964992,2.0,6.0
-9.22388656041739,-4.2907782584089835,1.3918133233815524,74.45697856564513,12.283177900596888,-42.208381264786,0.2509384111629009,-0.9738851965663442,-1.2206112267455007,93.96957184623754,2.0,6.0
-9.369548114409728,-3.199131314844226,0.778579342727271,73.38536906429194,14.644857645500007,-42.17259491899144,0.12851889832918856,-0.6562268322125344,-0.956122122255012,93.92983499597575,2.0,6.0
-9.089290336242259,-3.714720151513679,1.1422726944725459,73.19463690944592,14.517469063270507,-42.758972825790224,0.2013035605758265,-0.8698498409403673,-1.108606014695669,93.89009814571413,2.0,6.0
-8.80903255807479,-4.230308988183133,1.5059660462178204,73.0039047545999,14.390080481041007,-43.34535073258901,0.2740882228224644,-1.0834728496682007,-1.2610899071363266,93.85036129545244,2.0,6.0
-8.528774779907321,-4.745897824852586,1.869659397963095,72.81317259975388,14.26269189881151,-43.93172863938779,0.3468728850691023,-1.2970958583960335,-1.4135737995769837,93.8106244451908,2.0,6.0
-8.441438154472134,-4.897750129478902,1.8679603898589636,72.24520618327348,14.24423066122316,-44.24501085938762,0.32161746514663686,-1.1421970908252912,-1.2381048688672218,93.77088759492904,2.0,6.0
-8.27100144792932,-4.557589835900109,2.095447000271354,72.37487421878058,14.79077397329542,-44.31361704530064,0.4839272834143115,-1.0861528842060795,-1.1729626188062459,93.73115074466739,2.0,6.0
-8.100564741386508,-4.217429542321318,2.322933610683745,72.50454225428767,15.337317285367673,-44.382223231213665,0.6462371016819861,-1.0301086775868675,-1.10782036874527,93.69141389440574,2.0,6.0
-8.389991436662223,-3.3385742053802527,2.0374746995549793,67.67922158474046,17.51369985270766,-50.12632588972711,-0.0571005004393304,-1.3292713935576768,-1.286278288271912,93.65167704414398,2.0,6.0
-8.01774057454098,-3.955426698665825,2.54807162338264,67.58486960643855,18.22358274150096,-50.72488660444824,0.2868070465574271,-1.2113602168762658,-1.264806809332875,93.61194019388232,2.0,6.0
-7.645489712419738,-4.572279191951397,3.0586685472103,67.49051762813663,18.933465630294258,-51.323447319169375,0.6307145935541847,-1.0934490401948544,-1.243335330393838,93.57220334362067,2.0,6.0
-6.985760992569462,-3.782669350932621,2.7565149006111,68.10190664383006,19.080203882865007,-51.39134198294133,0.0848982555760713,-1.4704401090830859,-1.4929520522811848,93.53246649335891,2.0,6.0
-6.707642534775525,-3.9844835255845377,3.304194305823004,66.75788549514965,20.401785914113805,-52.295766726592845,0.05833185266395556,-1.4806299677580796,-1.5275247632720592,93.49272964309726,2.0,6.0
-6.429524076981589,-4.1862977002364525,3.8518737110349086,65.41386434646924,21.723367945362604,-53.20019147024438,0.031765449751839835,-1.4908198264330734,-1.5620974742629334,93.4529927928356,2.0,6.0
-6.151405619186862,-4.388111874888943,4.399553116248369,64.06984319778499,23.04494997661516,-54.104616213898474,0.0051990468396486,-1.501009685108096,-1.596670185253906,93.41325594257384,2.0,6.0
-5.6468529257027456,-5.430757557965806,5.043244690240793,64.16852465487415,21.217936097435167,-53.83920136951357,0.5079649192770627,-1.423743104510638,-1.4850708004742876,93.3735190923122,2.0,6.0
-5.589089878484476,-5.838664700604595,5.11740965300928,62.44030611849877,22.451278535178194,-54.963642058599454,0.30271215743642904,-1.282540854983789,-1.2856408306868712,93.33378224205053,2.0,6.0
-5.531326831266205,-6.246571843243384,5.191574615777768,60.71208758212338,23.68462097292121,-56.08808274768536,0.09745939559579539,-1.1413386054569399,-1.0862108608994547,93.29404539178888,2.0,6.0
-4.536206265580598,-8.046267834159536,6.301981147543976,61.26480852872649,23.46607864224359,-55.986701254413035,-0.24241136127677407,-1.3384195108905703,-1.3421298943351987,93.25430854152712,2.0,6.0
-4.365056458604436,-7.912913465949818,6.145807031409474,60.009572093791114,24.069308508270876,-56.662381109759096,-0.23658858412471795,-1.1659198542134812,-1.1030322419001135,93.21457169126546,2.0,6.0
-4.193906651628272,-7.779559097740101,5.9896329152749725,58.75433565885573,24.67253837429816,-57.33806096510516,-0.23076580697266175,-0.993420197536392,-0.8639345894650284,93.17483484100381,2.0,6.0
-4.022756844651624,-7.6462047295300035,5.833458799140027,57.49909922391678,25.27576824032716,-58.01374082045314,-0.22494302982058903,-0.8209205408588126,-0.6248369370292636,93.13509799074205,2.0,6.0
-4.164052389629288,-8.0783462742173,6.346507671401724,57.443355560302734,25.30255699157715,-58.04374694824219,0.00563518955548576,-0.6218575164488023,-0.3649143622657073,93.0953611404804,2.0,6.0
-3.9893369660454625,-7.910762141069258,6.106897914932216,57.443355560302734,25.30255699157715,-58.04374694824219,-0.011469207264567044,-0.5774588748625389,-0.31614863617627414,93.05562429021873,2.0,6.0
-3.81462154246114,-7.743178007920739,5.867288158462026,57.443355560302734,25.30255699157715,-58.04374694824219,-0.028573604084668466,-0.5330602332761494,-0.26738291008670234,93.01588743995697,2.0,6.0
-3.6778207747045495,-7.377439926164169,6.006961190031585,56.72280966467575,24.78975532793752,-58.511928037353904,0.30442456075674945,-0.5188534420642225,-0.2899002252843217,92.98807566064973,2.0,6.0
-3.474580380112449,-7.318250663774086,6.128192288206522,56.448853327700895,25.389189150568807,-58.95723954553221,0.32334857413296825,-0.5308629137191033,-0.3070046268727461,92.9682078375258,2.0,6.0
-3.271339985519772,-7.259061401383834,6.249423386381808,56.17489699072528,25.988622973201807,-59.402551053711775,0.3422725875092408,-0.5428723853740186,-0.3241090284612191,92.94834001440184,2.0,6.0
-3.5870363059840518,-7.311796933235149,5.765532662988806,56.44996168185697,25.97458532652184,-59.14668560534631,0.04319922137746528,-0.5884157150068469,-0.4230870904758829,92.92847219127793,2.0,6.0
-3.3238934722745737,-7.3481663046492995,6.0051424194583145,55.424313641086414,26.422945388166937,-58.92259283572372,0.06503462243564245,-0.5229095094481295,-0.4005238427952393,92.908604368154,2.0,6.0
-3.0607506385643486,-7.384535676063553,6.244752175928505,54.39866560031295,26.871305449813317,-58.69850006610048,0.08687002349388166,-0.45740330388922606,-0.37796059511453167,92.88873654503004,2.0,6.0
-2.797607804854871,-7.420905047477706,6.484361932398013,53.3730175595424,27.31966551145841,-58.474407296477885,0.10870542455205884,-0.3918970983305088,-0.35539734743388807,92.86886872190611,2.0,6.0
-2.755464199051234,-7.600986804432912,6.633136791826719,55.15380223312746,26.349039881531787,-59.50646447768737,-0.18744832491615,-0.17625222640337104,-0.09064238514650377,92.84900089878221,2.0,6.0
-2.805382841095398,-7.699398011632199,6.531160044313705,54.91591910400713,26.66197815210124,-59.82329484572999,-0.16342938637469123,-0.1602395995169723,-0.05388612951975426,92.82913307565823,2.0,6.0
-2.85530148313942,-7.7978092188312065,6.42918329680098,54.67803597488748,26.974916422669803,-60.14012521377169,-0.13941044783330067,-0.14422697263061907,-0.017129873893109215,92.80926525253432,2.0,6.0
-3.073752047433148,-7.413730830491926,6.547251778619081,53.92704568073913,26.901277755444475,-60.88130977817871,-0.10736684286524628,0.11112344289766717,0.1806933580213405,92.7893974294104,2.0,6.0
-3.1300888747112334,-7.446534518541212,6.543686095254218,53.996404477812426,26.324055160230156,-60.80925430008276,-0.0545979639285267,0.12713606978402042,0.15776619060574248,92.76952960628648,2.0,6.0
-3.18642570198948,-7.479338206590592,6.540120411889342,54.06576327488592,25.746832565014195,-60.73719882198662,-0.001829084991657126,0.14314869667041916,0.1348390231900793,92.74966178316252,2.0,6.0
-3.4257364924557043,-7.2715765590528285,6.3203790679213165,54.61220075639358,26.647017022332367,-60.8988004747568,-0.04949172766646408,0.15378153352901783,0.20228506192044987,92.72979396003862,2.0,6.0
-3.474942096055208,-7.163181688294872,6.218402320408592,54.60390607687106,26.80508545990852,-60.31587185537257,-0.01892216952287616,0.14650306551621467,0.15206364735445554,92.7099261369147,2.0,6.0
-3.5241476996548515,-7.0547868175366055,6.1164255728955785,54.59561139734854,26.96315389748512,-59.73294323598668,0.011647388620798643,0.1392245975033909,0.10184223278831844,92.69005831379073,2.0,6.0
-3.573353303254355,-6.946391946778648,6.0144488253828525,54.587316717826035,27.12122233506127,-59.15001461660244,0.04221694676438656,0.13194612949058776,0.05162081822232409,92.6701904906668,2.0,6.0
-3.5515358496942673,-7.386957157899763,5.996243321646007,55.70284082334593,25.873700454408816,-60.33066094447665,0.05083169900984511,0.05260155924789176,0.002972752038996734,92.65032266754288,2.0,6.0
-3.552248957950728,-7.36698970084368,6.0832445118317215,55.32421190183641,25.79392953651621,-60.18086558391118,0.09923350298027556,0.06606672176355805,0.008067678992322316,92.6304548444189,2.0,6.0
-3.5529620662071864,-7.347022243787651,6.17024570201719,54.94558298032796,25.714158618623824,-60.03107022334613,0.14763530695056845,0.07953188427918606,0.013162605945633416,92.610587021295,2.0,6.0
-3.48019301194958,-7.743921302050987,6.75246418486021,52.95467591804525,26.41102315442624,-60.50698653416159,0.6736498678603242,0.528701304340046,0.6191826166879056,92.5907191981711,2.0,6.0
-3.4210036780337547,-8.298018744679009,7.171781201462583,53.55176324409621,26.318984723258463,-60.49664092258931,0.9338550413532587,0.8627829159739926,1.0031217112321047,92.57085137504713,2.0,6.0
-3.3618143441180983,-8.852116187305459,7.591098218063763,54.14885057014546,26.226946292090943,-60.486295311017045,1.1940602148454535,1.1968645276069891,1.3870608057752123,92.55098355192321,2.0,6.0
-2.8535336073606903,-10.949234276907564,8.17215389140936,59.0022087097168,22.57263946533203,-62.21653747558594,0.7863850327945554,1.574506837583958,1.8105794939614748,92.53111572879929,2.0,6.0
-3.3762536772454688,-9.455239068168687,7.73072994121445,59.0022087097168,22.57263946533203,-62.21653747558594,0.764549646041493,1.5028139512314842,1.7206904444315274,92.51124790567539,2.0,6.0
-3.8989737471317327,-7.961243859425567,7.289305991018285,59.0022087097168,22.57263946533203,-62.21653747558594,0.7427142592883683,1.4311210648788064,1.6308013949013245,92.49138008255139,2.0,6.0
-4.421693817016512,-6.467248650686693,6.8478820408233725,59.0022087097168,22.57263946533203,-62.21653747558594,0.7208788725353059,1.3594281785263327,1.540912345371377,92.47151225942751,2.0,6.0
-5.339795515966148,-5.551948629213417,5.555015508408224,62.64604692036047,19.30638066305841,-59.667740398511995,0.4450631729589423,1.4167413769406807,1.5301508859882795,92.4516444363036,2.0,6.0
-5.417526019048574,-5.3693887956864526,5.5029573266454275,63.58644593769628,18.037688112396783,-59.14001868830589,0.30386092343169174,1.342864934031297,1.34636958639686,92.43177661317962,2.0,6.0
-5.495256522130777,-5.186828962160007,5.45089914488278,64.5268449550294,16.768995561738755,-58.61229697810129,0.16265867390484268,1.2689884911221236,1.1625882868059627,92.41190879005569,2.0,6.0
-5.952730481888413,-3.824528778258676,5.771921501080064,63.33949711226912,18.215865728248936,-57.966676506379706,0.5824472984616781,1.2492808937545583,1.3082261840642615,92.3920409669318,2.0,6.0
-6.070396039749968,-3.8801525003351993,6.065015525738834,64.68908436202759,16.902752324926087,-56.69243593630888,0.430327337676472,1.304233324479762,1.1997770301639055,92.37217314380783,2.0,6.0
-6.188061597611189,-3.935776222411565,6.35810955039677,66.03867161178222,15.589638921606968,-55.41819536624168,0.2782073768916982,1.3591857552048099,1.0913278762638576,92.35230532068393,2.0,6.0
-6.619237907682918,-3.3699309996119635,5.498388585307254,65.76184224169684,16.369895470994514,-57.49878979221726,-0.376025891063665,1.4735623212250013,0.8980033230272855,92.33243749756,2.0,6.0
-6.634213465010217,-3.491875274514543,5.335796212412652,66.86525288623022,15.527788842574916,-55.958455624733816,-0.4273390767555977,1.4666477789075976,0.9085570907084275,92.31256967443603,2.0,6.0
-6.649189022337474,-3.613819549416776,5.173203839518512,67.96866353076048,14.685682214157715,-54.418121457254735,-0.47865226244738457,1.4597332365902131,0.9191108583895399,92.29270185131213,2.0,6.0
-6.66416457966473,-3.735763824319009,5.010611466624374,69.07207417529072,13.843575585740512,-52.87778728977568,-0.5299654481391713,1.4528186942728292,0.929664626070652,92.27283402818821,2.0,6.0
-7.013284290580311,-2.938141523975656,3.796788847672941,69.13713684428012,13.809861205690808,-52.333297947742494,-0.6713387652290965,1.4248195548432947,0.9965665191982324,92.25296620506423,2.0,6.0
-7.082457350043748,-2.632924315113629,3.6919595935226455,69.81198448527073,13.324077323550137,-50.55852988133786,-1.1429833956607964,1.438648639478063,1.028591782507682,92.23309838194032,2.0,6.0
-7.151630409507185,-2.3277071062516015,3.587130339372351,70.48683212626132,12.838293441409464,-48.78376181493322,-1.6146280260924963,1.4524777241128315,1.0606170458171316,92.2132305588164,2.0,6.0
-7.54604208674195,-2.199265922098295,2.9311896945910725,71.69547123054386,12.157622848320113,-51.4658400985771,-1.6864570332794775,1.3691592719057917,1.1705826620485889,92.19336273569245,2.0,6.0
-8.049991786143346,-2.1429547009756047,2.3816207935295606,72.16550758460835,11.694259200859596,-50.06496958466236,-1.4318264676363983,1.2462091090183303,1.1072887710955823,92.17349491256851,2.0,6.0
-8.553941485544746,-2.0866434798529143,1.832051892468049,72.63554393867288,11.23089555339908,-48.66409907074762,-1.1771959019933196,1.1232589461308686,1.043994880142576,92.15362708944461,2.0,6.0
-9.057891184946142,-2.0303322587302235,1.2824829914065368,73.10558029273741,10.767531905938563,-47.26322855683287,-0.9225653363502406,1.0003087832434074,0.9807009891895696,92.13375926632067,2.0,6.0
-8.944835956738412,-2.7700984222755887,1.774352775557804,73.09181108377113,9.734908686283791,-44.609669862600974,-0.9343350722758051,1.1323156963387067,1.0329889703101507,92.11389144319672,2.0,6.0
-9.385546787426488,-2.417101901279816,1.8563620719749656,72.91499435327202,9.628693361882032,-44.271522966238976,-0.6599368789166798,0.9991197620431737,0.9318182874031384,92.0940236200728,2.0,6.0
-9.826257618114564,-2.0641053802840434,1.9383713683921275,72.73817762277292,9.522478037480274,-43.93337606987698,-0.3855386855575544,0.8659238277476403,0.830647604496126,92.07415579694889,2.0,6.0
-9.522678143366807,-2.5174915983807735,1.2938404261064465,73.09202434767064,8.242292609401376,-42.06713771604838,-0.7168224254531149,0.7535697468376774,0.9007727442313808,92.05428797382493,2.0,6.0
-9.717360951288995,-2.502515970720036,1.2581842338037752,73.54279289472834,7.749076361843231,-41.95997309469532,-0.5639746299668037,0.7302786549187533,0.8432728491356078,92.03442015070101,2.0,6.0
-9.912043759211182,-2.4875403430592984,1.2225280415011035,73.99356144178601,7.255860114285085,-41.85280847334227,-0.4111268344804925,0.7069875629998292,0.7857729540398348,92.01455232757709,2.0,6.0
-9.994867929852129,-1.8330056888975503,1.3993558973861853,74.29757980519248,8.074879680850463,-41.29395971711088,-0.24930949833787963,0.741522791763606,0.7472024515636573,91.98860935148721,2.0,6.0
-9.941383675968815,-2.0390986187374502,1.2545916742875622,74.8260609453287,7.017144314030135,-40.56002386506076,-0.24093926515974853,0.7244183901751816,0.8243541935450934,91.94603415426742,2.0,6.0
-9.887899422085503,-2.2451915485773513,1.1098274511889388,75.35454208546494,5.959408947209809,-39.82608801301065,-0.23256903198161744,0.7073139885867572,0.9015059355265296,91.9034589570476,2.0,6.0
-9.834415168202039,-2.4512844784178367,0.9650632280899043,75.88302322560268,4.9016735803864755,-39.09215216095845,-0.22419879880346247,0.6902095869982843,0.9786576775081853,91.86088375982769,2.0,6.0
-9.901710269190032,-1.9083419182118808,0.7918442679105817,75.00761848645804,5.563390251724799,-38.98130860809708,-0.1515982946973319,0.6662886390876106,1.1217983080302585,91.81830856260785,2.0,6.0
-9.831110846735266,-1.4112943031610634,0.4138884115876833,74.99450798111558,4.170069481462395,-37.97254556183335,0.02090136197975728,0.6269849238586119,1.10796922339549,91.77573336538806,2.0,6.0
-9.760511424280494,-0.9142466881102461,0.03593255526478489,74.98139747577311,2.77674871119999,-36.96378251556962,0.19340101865684645,0.5876812086296133,1.094140138760722,91.73315816816825,2.0,6.0
-9.735633860033053,-1.1802625729555851,0.036868812270613054,75.71785819881654,3.995934168488048,-37.968541104361336,0.18414137003183967,0.6124666418043035,1.1372213579007806,91.69058297094833,2.0,6.0
-9.721371411483794,-0.7816261364935454,-0.034443610481702455,75.22069129818222,3.3865583292552044,-37.01051475243349,0.20124576685189252,0.5808053220716664,1.0720790887663183,91.64800777372851,2.0,6.0
-9.707108962934536,-0.3829897000315057,-0.10575603323401796,74.72352439754792,2.77718249002236,-36.052488400505645,0.21835016367194532,0.5491440023390292,1.0069368196318562,91.60543257650868,2.0,6.0
-9.864507537181025,0.46013976084116354,0.5352758714934822,75.29584409053358,-0.4234133722347848,-35.63426321257895,0.10142569785784775,0.5993701499848981,0.863081497379379,91.56285737928877,2.0,6.0
-9.835269246394306,0.46370539085987134,0.28211676810015784,75.40683999354864,-1.2786611749683818,-35.063917601007205,0.06539728646948328,0.604465079322395,0.8376068679772416,91.52028218206895,2.0,6.0
-9.806030955607593,0.4672710208785792,0.028957664706833364,75.51783589656367,-2.133908977701979,-34.49357198943546,0.02936887508111884,0.6095600086598919,0.812132238575104,91.47770698484915,2.0,6.0
-9.77679266482079,0.47083665089729726,-0.2242014386872105,75.628831799579,-2.989156780438007,-33.92322637786209,-0.006659536307348002,0.6146549379974032,0.7866576091728941,91.4351317876292,2.0,6.0
-9.69179703043699,0.5598835737843233,-1.0041456707233196,75.17840632833683,-0.69617309634362,-34.75336216482775,0.049143305749911353,0.5960345532035087,0.6846734350121995,91.39255659040941,2.0,6.0
-9.72959261940714,0.8936257155076525,-1.4783733089675173,75.13201251424995,-1.798766327543789,-33.688171201083605,0.17797216507901784,0.4850379349327356,0.6322684734262487,91.3499813931896,2.0,6.0
-9.767388208377396,1.2273678572319304,-1.9526009472130623,75.08561870016294,-2.901359558747092,-32.62298023733643,0.30680102440849044,0.37404131666164714,0.5798635118401488,91.30740619596966,2.0,6.0
-10.015903391797904,2.4448545029891156,-2.4034718520521814,73.7793082654252,-2.371710910827796,-34.03185989140415,0.4695341021114947,0.10147719767490558,0.29471955359393864,91.26483099874984,2.0,6.0
-10.097912831266212,2.6045943692456843,-2.1324846465470566,74.30500177738762,-3.43368112567058,-33.48282623051598,0.35380648675515464,0.03451530840799871,0.09892880499792531,91.22225580153007,2.0,6.0
-10.179922270734753,2.764334235502707,-1.8614974410411624,74.83069528935152,-4.495651340516382,-32.93379256962625,0.23807887139848563,-0.03244658085909849,-0.09686194359864447,91.1796806043101,2.0,6.0
-9.971855368751891,3.3074837537698527,-2.4836313398093064,73.91608165194916,-4.226125504713824,-32.312518206215955,0.12980710285865535,-0.04650055228133768,-0.2198891725678095,91.1371054070903,2.0,6.0
-9.978986735481625,2.904568523972856,-2.0222399289820894,74.49373511721961,-4.177033869963503,-32.45886426982972,0.10542423742975297,-0.047228398903804064,-0.2657435121673772,91.0945302098705,2.0,6.0
-9.986118102211375,2.501653294174714,-1.5608485181535607,75.07138858249172,-4.127942235213042,-32.605210333443885,0.08104137200078129,-0.04795624552627251,-0.3115978517670752,91.05195501265057,2.0,6.0
-9.993249468941103,2.0987380643777174,-1.0994571073263435,75.64904204776221,-4.0788506004627205,-32.75155639705765,0.05665850657187892,-0.04868409214873889,-0.35745219136664286,91.00937981543073,2.0,6.0
-9.831094519298592,2.0202146712050184,-0.9873813897477168,73.36412959646765,-3.035889524437745,-31.272576870757764,0.06937033373078463,-0.08829988539804676,-0.3393273897614263,90.96680461821094,2.0,6.0
-9.67634633700198,1.665078753541767,-0.931044595848232,73.80377032827877,-3.5460464229358166,-31.90503479464635,0.07846841651161436,-0.07155941188922715,-0.3829981918777806,90.92422942099114,2.0,6.0
-9.521598154704929,1.3099428358775067,-0.874707801948587,74.24341106009113,-4.056203321435337,-32.537492718536726,0.08756649929246997,-0.05481893838035996,-0.4266689939942591,90.8816542237712,2.0,6.0
-9.378543450679649,1.0873599464670411,-0.9854080603951377,74.53859399869106,-3.9928762831136018,-32.82832701430457,0.2529668107013383,-0.027693002048724123,-0.561614291674979,90.83907902655139,2.0,6.0
-9.352870986308945,1.1123193032518393,-1.1422954200141355,74.63775725438249,-3.151369935458117,-32.65560078368339,0.26206489169402875,-0.041158164564352125,-0.6045572495530528,90.79650382933158,2.0,6.0
-9.327198521938168,1.137278660036708,-1.2991827796335795,74.73692051007421,-2.3098635878002414,-32.48287455306172,0.27116297268674494,-0.054623327080018415,-0.6475002074312486,90.75392863211165,2.0,6.0
-9.430982700645304,0.8647007450080276,-1.2567583177761232,74.83952339535355,-1.4283964549380204,-31.093044962634664,0.2742337896197853,-0.16787574600588936,-0.8177715924326657,90.71135343489183,2.0,6.0
-9.652051082908287,0.7734208473182913,-1.2296596000866336,74.71744972592006,-0.41931617844968067,-31.26536647294945,0.3553886987536225,-0.1940782267988648,-0.8832778075281261,90.66877823767203,2.0,6.0
-9.873119465171898,0.6821409496282956,-1.2025608823970673,74.59537605648623,0.5897640980415275,-31.437687983264723,0.4365436078876905,-0.22028070759191473,-0.9487840226237728,90.62620304045208,2.0,6.0
-10.09418784743488,0.5908610519385593,-1.1754621647075776,74.47330238705275,1.5988443745298675,-31.61000949357951,0.5176985170215279,-0.2464831883848901,-1.014290237719233,90.58362784323229,2.0,6.0
-10.240510020602947,-0.6312012511344378,-0.7317200867316965,75.48047610563405,0.891205340058729,-32.20188684294137,0.44651789398623687,-0.2877272297644376,-1.0724389793411488,90.54105264601247,2.0,6.0
-10.256198685516155,-0.8451385527705935,-0.7880568997048278,75.77032149595443,1.6893272120085137,-32.580431650376184,0.48873298855266367,-0.25970513599149525,-1.0334991743102508,90.49847744879256,2.0,6.0
-10.27188735042932,-1.0590758544061412,-0.8443937126777991,76.060166886274,2.4874490839560295,-32.95897645780992,0.5309480831189706,-0.23168304221863256,-0.9945593692794633,90.45590225157272,2.0,6.0
-10.327056468733154,-0.9880172329784936,-0.6409656410008814,74.07762503025994,1.713404610816469,-31.975003686778173,0.6597521231899666,-0.4413987224755306,-0.9893902129518248,90.41332705435293,2.0,6.0
-10.225792821653778,-1.020820956790567,-0.9140922240999982,74.77938490269582,2.3005692226323413,-32.559767213694144,0.5072682498227956,-0.4941676014122501,-0.9697383469926752,90.37075185713311,2.0,6.0
-10.124529174574114,-1.0536246806027336,-1.1872188071998913,75.48114477513371,2.8877338344498824,-33.14453074061178,0.35478437645519134,-0.5469364803491197,-0.9500864810334696,90.32817665991318,2.0,6.0
-9.937401681014595,-1.6872838045930347,-0.9781052294532752,75.83549597938969,6.386176321992197,-33.78209252720761,0.5931225728031964,-0.5973277831057038,-0.8206879165522746,90.28560146269338,2.0,6.0
-9.940967222222383,-1.817072413143942,-0.7670204439920416,75.40966151436324,6.575961459168537,-34.50039857273918,0.4657494019506511,-0.6744795250871399,-0.858899870192224,90.24302626547357,2.0,6.0
-9.944532763430178,-1.9468610216952185,-0.5559356585302079,74.98382704933557,6.765746596345419,-35.218704618272795,0.3383762310977438,-0.7516312670687954,-0.8971118238322819,90.20045106825363,2.0,6.0
-9.948098304637968,-2.0766496302461257,-0.3448508730689741,74.55799258430909,6.95553173352176,-35.937010663804365,0.2110030602451985,-0.8287830090502315,-0.9353237774722314,90.15787587103382,2.0,6.0
-9.852635308419623,-1.6370941725683827,0.19753734966477293,75.30442753868411,6.106986014112824,-35.809979025614126,0.731116811453569,-0.659108522947848,-0.800242971946644,90.11530067381402,2.0,6.0
-9.854774633114499,-2.122018679710433,0.5434026374462031,75.37024836616835,7.068448034988704,-36.71847603489322,0.683442851721421,-0.6303585944733662,-0.7725847859877283,90.07272547659409,2.0,6.0
-9.85691395780937,-2.606943186851105,0.8892679252266502,75.43606919365244,8.029910055861857,-37.626973044169745,0.6357688919894087,-0.601608665998966,-0.744926600028891,90.03015027937427,2.0,6.0
-9.731503480939358,-2.847068079609252,0.7518816500344051,74.9629775663311,7.520149043623102,-38.53296887887332,0.18225723279581327,-0.7426494780505432,-0.7626091201219978,90.0,2.0,6.0
-9.690142067937263,-3.2720901667072417,1.0078932696027707,74.89640184840496,8.101606525008503,-38.420117583401904,0.06616568578325982,-0.7684880343402661,-0.7396819550905204,90.0,2.0,6.0
-9.648780654935283,-3.6971122538040233,1.2639048891704092,74.82982613047899,8.683064006392252,-38.307266287930815,-0.0499258612289637,-0.7943265906299155,-0.716754790059108,90.0,2.0,6.0
-9.607419241933309,-4.122134340900804,1.5199165087380475,74.76325041255302,9.264521487776,-38.19441499245973,-0.1660174082411872,-0.8201651469195647,-0.6938276250276958,90.0,2.0,6.0
-9.486258103543875,-2.809334806761574,0.7031625989114103,74.84506090520158,10.65615323345028,-40.654007642214005,0.2806521251940652,-0.6922306114474592,-0.657554073744313,90.0,2.0,6.0
-9.375010659391146,-2.6331931632375647,0.9021242573890125,74.45256887791923,10.725982702177328,-40.291092679445775,0.14090556414377725,-0.7690184265413835,-0.654278756790657,90.0,2.0,6.0
-9.263763215238413,-2.457051519713555,1.1010859158666149,74.06007685063686,10.795812170904378,-39.92817771667756,0.0011590030934893192,-0.8458062416353078,-0.6510034398370008,90.0,2.0,6.0
-9.57505204621612,-3.663194500387672,1.3478523944788947,74.1159996599091,12.24620874324018,-42.05733819128682,-0.029238301206824857,-0.9961728857560654,-0.7575062230934448,90.0,2.0,6.0
-9.363254064954104,-3.5433896221529175,1.5261334346703828,73.69851442278787,12.448697375442144,-42.22093073965704,0.04864129454963508,-1.0125494526429524,-0.8233763460029309,90.0,2.0,6.0
-9.151456083692093,-3.4235847439181635,1.7044144748618713,73.28102918566668,12.65118600764411,-42.384523288027246,0.126520890306095,-1.0289260195298393,-0.8892464689124168,90.0,2.0,6.0
-8.547960302888598,-2.998356501367112,1.8371909397010808,74.12648363706954,13.1484001012099,-43.29467486997076,0.3013021446354365,-0.9044449117288733,-0.8133437183010579,90.0,2.0,6.0
-8.38180238968027,-3.2429581706791084,1.9940782325633228,73.6756560003499,13.470844978835036,-44.53948611875247,0.18084352265644393,-0.9513910176859952,-0.8570145251859078,90.0,2.0,6.0
-8.215644476472411,-3.4875598399904093,2.1509655254251188,73.22482836363157,13.793289856459255,-45.784297367530634,0.060384900677793674,-0.998337123642984,-0.9006853320706337,90.0,2.0,6.0
-8.049486563264555,-3.73216150930171,2.3078528182869142,72.77400072691323,14.115734734083471,-47.0291086163088,-0.06007372130085653,-1.0452832295999723,-0.9443561389553596,90.0,2.0,6.0
-7.978293407387444,-3.1688156017630127,2.35896851327279,71.06406457132626,15.849589657409725,-46.93239583819556,-0.10754628084152613,-1.0948263859493934,-0.9935654318796951,90.0,2.0,6.0
-7.67378937525271,-3.516107128557131,2.6720300557834915,71.66114960855715,15.757551226242205,-46.922050226623305,-0.100631738524142,-1.0493359637005943,-0.9509864008891331,90.0,2.0,6.0
-7.369285343117979,-3.863398655351249,2.985091598294193,72.25823464578805,15.665512795074687,-46.91170461505105,-0.09371719620675785,-1.0038455414517955,-0.9084073698985715,90.0,2.0,6.0
-7.284552016654616,-3.9818960678741298,3.4320268210915987,70.57900414717332,18.2418561259955,-49.5640035455822,0.1677514371218367,-1.0451942808038477,-0.9281146328120689,90.0,2.0,6.0
-7.239625201621697,-4.461115580813147,3.703014064743696,69.98191457045267,18.33389455716302,-49.57434915715445,0.042925730640016674,-1.0331848091489668,-0.9448551075129813,90.0,2.0,6.0
-7.19469838658878,-4.940335093752164,3.974001308395793,69.38482499373201,18.42593298833054,-49.58469476872671,-0.08189997584180336,-1.0211753374940855,-0.9615955822138937,90.0,2.0,6.0
-7.156466009803686,-5.85890390025126,3.767368640525216,67.93521446491646,19.647318116525856,-51.43798864239809,-0.17405908378238413,-0.978785006752172,-0.8307955403132852,90.0,2.0,6.0
-7.183564691730388,-5.806845718488612,3.9542072673866184,67.05582382465848,20.32608459601743,-52.44836606854464,0.02864620415078112,-1.0366488239670852,-0.8948460669321845,90.0,2.0,6.0
-7.2106633736570895,-5.754787536725964,4.141045894248021,66.17643318440048,21.004851075509,-53.45874349469118,0.23135149208394637,-1.0945126411819983,-0.9588965935510837,90.0,2.0,6.0
-7.237762055583794,-5.702729354963315,4.327884521109423,65.2970425441425,21.683617555000566,-54.46912092083772,0.4340567800171116,-1.1523764583969118,-1.022947120169983,90.0,2.0,6.0
-6.288468037066173,-7.156656142711488,5.297222963453784,65.91972896802899,19.92763714370392,-52.04244211688366,0.24669683774183088,-1.139183180733368,-0.994811510399046,90.0,2.0,6.0
-6.044579487261708,-7.439053260325978,5.448405319334384,64.76087383497341,21.36813900527488,-52.73030024066234,0.3333105881995158,-1.1511926523882487,-0.9973589750677944,90.0,2.0,6.0
-5.800690937457242,-7.7214503779404655,5.599587675214984,63.60201870191782,22.80864086684583,-53.418158364441005,0.41992433865720075,-1.16320212404313,-0.9999064397365427,90.0,2.0,6.0
-6.071861079764656,-6.946965835408354,5.311796845880348,63.50501050568013,22.34548323689623,-53.73524713294764,0.6588715017480088,-1.1748196619374378,-0.9553073503803824,90.0,2.0,6.0
-5.7973082957988415,-6.916301470116785,5.353871225801269,62.83021512604208,23.002040167437624,-54.37236173408232,0.6250266254586719,-1.199566456638038,-0.9480288823675792,90.0,2.0,6.0
-5.522755511833028,-6.885637104825218,5.395945605722191,62.15541974640402,23.658597097979015,-55.009476335216995,0.5911817491693351,-1.2243132513386379,-0.940750414354776,90.0,2.0,6.0
-5.392374171295848,-7.289148477793688,5.63907523591548,59.637844169400154,23.566928582150634,-57.75314742120442,0.6799926338244313,-1.1666756305462571,-0.8597677443167552,90.0,2.0,6.0
-5.021549510041303,-6.987496866465837,5.887242445540499,59.78967227723388,23.805803647000268,-58.61780409844973,0.5995655784656178,-1.0280208644636195,-0.769150841011784,90.0,2.0,6.0
-4.650724848786757,-6.685845255137987,6.1354096551655175,59.9415003850676,24.044678711849905,-59.48246077569504,0.5191385231068042,-0.8893660983809822,-0.6785339377068127,90.0,2.0,6.0
-4.279900187531156,-6.3841936438092795,6.383576864791241,60.09332849290176,24.28355377670022,-60.3471174529428,0.438711467747762,-0.7507113322979505,-0.5879170344015838,90.0,2.0,6.0
-3.603329001177072,-6.216335332845554,6.864193514555663,56.90572738647461,23.885395050048828,-60.82106018066406,0.45293014287750033,-0.8683303899885522,-0.6275984841269924,90.0,2.0,6.0
-3.434318590868388,-6.277664063428689,6.866332981407611,56.90572738647461,23.885395050048828,-60.82106018066406,0.29389564275557467,-0.6467010946396328,-0.4107001763268967,90.0,2.0,6.0
-3.2653081805592232,-6.338992794011998,6.868472448259564,56.90572738647461,23.885395050048828,-60.82106018066406,0.13486114263319698,-0.4250717992900832,-0.19380186852618447,90.0,2.0,6.0
-3.511746657590579,-6.338286261280363,6.806734135355088,55.93401305345874,24.481247088656165,-62.05347709881464,-0.030326231166888235,-0.11360636799812164,0.10721320538778972,90.0,2.0,6.0
-3.4154748470590506,-6.362532510479254,6.829554166997981,55.33414492754377,24.569050070986407,-62.24873403774879,-0.023411687657411185,-0.07539441912654386,0.13851061253802982,90.0,2.0,6.0
-3.319203036527248,-6.386778759678214,6.8523741986409386,54.73427680162708,24.656853053316897,-62.44399097668349,-0.016497144147914485,-0.03718247025485745,0.16980801968835885,90.0,2.0,6.0
-3.486351224451808,-6.144510158013742,6.690841880560866,54.18079271654362,24.761108331704623,-61.39942813482515,0.03219009637891822,0.033612643497078994,0.19917392654904004,90.0,2.0,6.0
-3.5754918113047545,-6.046098950814735,6.620955711127336,54.609355681936314,24.40478726389489,-61.633861976530255,0.048566645384411744,0.012141166942227916,0.1587784330416915,90.0,2.0,6.0
-3.6646323981577007,-5.947687743615727,6.5510695416938045,55.037918647328986,24.04846619608516,-61.86829581823537,0.06494319438990527,-0.009330309612623162,0.118382939534343,90.0,2.0,6.0
-3.753772985010901,-5.849276536416441,6.481183372260077,55.46648161272288,23.692145128274408,-62.10272965994113,0.08131974339544534,-0.03080178616753526,0.07798744602687968,90.0,2.0,6.0
-3.709339549045824,-5.930451294405144,6.465938866047444,55.01723398057168,24.145201738735214,-62.094319120601114,0.28062515414107825,-0.1704684365423416,-0.13261563042312519,90.0,2.0,6.0
-3.67796207616835,-6.106593014223099,6.584317533878757,55.216263082896944,24.114522453208966,-62.09087209935515,0.3111947122846662,-0.17337982303220714,-0.13916625062136903,90.0,2.0,6.0
-3.6465846032907856,-6.282734734041555,6.702696201710406,55.41529218522277,24.08384316768263,-62.08742507810919,0.341764270428341,-0.1762912095220809,-0.14571687081963153,90.0,2.0,6.0
-3.4081941114508143,-5.908823490014729,6.8672660980372475,55.34530985579576,23.077017267463926,-62.850766573389855,0.08236341228094876,-0.15568076045363055,-0.1770330120773748,90.0,2.0,6.0
-3.4032022826515718,-6.1313182257323,6.972808528914836,54.369593608238056,23.08928477597069,-62.71131227537057,0.09182541896905815,-0.0996365681395336,-0.13445398108681295,90.0,2.0,6.0
-3.3982104538523137,-6.353812961450504,7.078350959792726,53.39387736067757,23.10155228447749,-62.571857977350895,0.10128742565719442,-0.043592375825277335,-0.09187495009613009,90.0,2.0,6.0
-3.3932186250530707,-6.576307697168073,7.183893390670315,52.418161113119865,23.11381979298425,-62.43240367933161,0.1107494323453038,0.012451816488819628,-0.04929591910556821,90.0,2.0,6.0
-3.4082164710426035,-6.583873397690091,7.168302791084932,53.82414429678581,23.32607671301039,-64.07959734546499,0.07244690642597909,0.010075589245781528,-0.03393096611329802,89.98091262163655,2.0,6.0
-3.483807648983118,-6.510421544891488,7.212516496147884,54.014821882387984,23.282693357869626,-64.63086157428685,0.09828546271570189,0.07521786791717208,0.00828413798987196,89.96104479851257,2.0,6.0
-3.559398826923418,-6.4369696920930926,7.256730201210709,54.20549946798962,23.23931000272897,-65.18212580310716,0.12412401900535124,0.14036014658837748,0.05049924209292193,89.94117697538866,2.0,6.0
-3.4909955849768046,-6.192645429020533,7.187648818196999,54.250504878411945,23.85220644238476,-62.91816421432589,0.04909432253711356,0.1049254704122365,0.03836274842489456,89.92130915226475,2.0,6.0
-3.4275275292517646,-6.279646619206,7.360937964620181,54.23107786620684,23.993336498765856,-63.07485361976703,0.08985373816360237,0.1471405745152865,0.0714797733233935,89.90144132914084,2.0,6.0
-3.3640594735265443,-6.366647809391714,7.534227111043855,54.21165085400168,24.134466555147355,-63.231543025208616,0.13061315379020702,0.18935567861845645,0.10459679822198654,89.88157350601686,2.0,6.0
-3.438001535803556,-6.631507027623612,7.441050316510118,55.579606424564,23.44773129517413,-64.58316727231525,-0.03662221531046418,0.5929719581253001,0.46366281745013377,89.86170568289295,2.0,6.0
-3.4073371705119886,-6.7120899610494416,7.697061859783811,55.61846044897421,23.165472307747624,-64.26977936338,-0.09521387199528639,0.7669272842054643,0.5990422939972518,89.84183785976904,2.0,6.0
-3.3766728052203336,-6.7926728944755,7.953073403058234,55.65731447338453,22.88321332032032,-63.95639145444384,-0.1538055286802751,0.9408826102861229,0.7344217705447545,89.82197003664507,2.0,6.0
-3.346008439928766,-6.873255827901332,8.209084946331926,55.69616849779474,22.60095433289382,-63.64300354550858,-0.21239718536509727,1.1148379363662868,0.8698012470918727,89.80210221352115,2.0,6.0
-3.816941324006745,-6.602753015816889,7.794905662850397,56.16643022384315,22.036855891850056,-63.03607436730506,-0.13642514545579576,1.0583564152129339,0.8130827221942085,89.78223439039724,2.0,6.0
-4.135707879793493,-6.609171131909584,7.6280346492087165,57.371734941863046,21.869718555118776,-62.27576057030653,-0.18519087154536756,1.1344163765320507,0.864759834773654,89.76236656727326,2.0,6.0
-4.454474435579336,-6.615589248002259,7.461163635567511,58.57703965987954,21.70258121838797,-61.51544677331015,-0.23395659763480073,1.210476337850951,0.9164369473529528,89.74249874414934,2.0,6.0
-4.413774744100923,-6.850071077031906,7.546102722870233,58.269280183227714,21.25822831798773,-62.117512275437285,-0.3407768557073608,1.4164271526633572,1.0821946767309925,89.72263092102544,2.0,6.0
-4.660515733786458,-6.502779550236801,7.331452320800726,59.07652894726736,21.15244955707749,-61.364101630904585,-0.4677861044411268,1.520509231597274,1.1688084081154373,89.70276309790145,2.0,6.0
-4.907256723471293,-6.155488023442684,7.116801918731831,59.88377771130472,21.04667079616755,-60.61069098637402,-0.5947953531745318,1.6245913105308951,1.2554221394996359,89.68289527477755,2.0,6.0
-5.475536393496026,-7.0110960141080545,6.597006927926791,62.76568817118553,20.616434682033535,-57.9370191415163,-0.5636354388910079,1.8991309862207173,1.6197281945001223,89.66302745165363,2.0,6.0
-5.635989293429198,-6.6730751934897246,6.2582728352137345,63.80803581217876,20.19348275484766,-57.0516689523056,-0.6538884296138385,1.887485458142616,1.622639567578951,89.64315962852966,2.0,6.0
-5.796442193361913,-6.3350543728723565,5.91953874250164,64.85038345316902,19.770530827662988,-56.16631876309743,-0.7441414203364126,1.8758399300645472,1.6255509406577713,89.62329180540574,2.0,6.0
-5.956895093294628,-5.9970335522549885,5.5808046497895445,65.89273109415929,19.347578900478315,-55.28096857388925,-0.8343944110589869,1.8641944019864785,1.628462313736592,89.60342398228184,2.0,6.0
-7.147486290947057,-4.8634054363708445,3.051090244268708,68.15101859687165,18.39593716955204,-54.14576238045289,-0.4179830457220878,1.4540089218427028,1.563994746462439,89.5835561591579,2.0,6.0
-7.2487499380264335,-4.298611086700949,2.632486347174362,69.1275397455524,17.01152325964119,-52.35191747078656,-0.41252419903382226,1.3990564911176553,1.5297859790483772,89.56368833603395,2.0,6.0
-7.35001358510581,-3.733816737031052,2.213882450080016,70.10406089423316,15.62710934973034,-50.55807256112021,-0.4070653523455566,1.3441040603926075,1.4955772116343151,89.54382051291005,2.0,6.0
-7.422170350123197,-3.45035399952352,2.187289058339203,69.60197006173361,16.779291070398685,-51.762700340278926,-0.30963897287238734,0.8871350085839258,1.2408635259166698,89.52395268978611,2.0,6.0
-7.689591900874446,-3.095931239513069,2.3598650852560406,70.96541702218548,15.31657958357945,-50.70158164215676,-0.28270864307268323,0.847103422890489,1.2077465200915631,89.50408486666218,2.0,6.0
-7.957013451624935,-2.741508479503626,2.5324411121723878,72.32886398263345,13.853868096764375,-49.64046294403761,-0.25577831327305567,0.8070718371971659,1.1746295142665504,89.48421704353825,2.0,6.0
-7.610283734891936,-3.4193136403893916,2.164886759827447,71.39967399278912,14.788697012956955,-47.14960791223002,-0.21141171634719452,0.8128580706730033,1.2205982370583504,89.46434922041433,2.0,6.0
-8.006780850981569,-3.0727353093950693,2.42446397693,72.04390319506086,14.25633117585876,-47.40880528085234,-0.2543546646886472,0.8718136685506197,1.2162311597077256,89.44448139729037,2.0,6.0
-8.403277967070077,-2.726156978401732,2.6840411940318134,72.68813239733079,13.723965338762076,-47.668002649473934,-0.2972976130299777,0.9307692664280685,1.2118640823571132,89.42461357416644,2.0,6.0
-8.799775083158583,-2.379578647408395,2.9436184111336288,73.3323615996007,13.191599501665392,-47.927200018095526,-0.3402405613713083,0.9897248643055171,1.2074970050065004,89.40474575104254,2.0,6.0
-8.58515190851174,-2.5147939454519714,2.8717883916075064,73.56125819959762,11.50820531641446,-45.68719000534036,-0.3624681818241188,0.8898865726296076,1.2463609991014108,89.38487792791857,2.0,6.0
-8.729202897662612,-2.4299321519339823,2.734155373113979,73.4648780230535,10.670932672372253,-45.67500946835496,-0.32534800646251927,0.93756053236162,1.255459097379448,89.36501010479465,2.0,6.0
-8.873253886813481,-2.3450703584159927,2.596522354620452,73.36849784650941,9.833660028330046,-45.66282893136958,-0.28822783110091976,0.9852344920936321,1.2645571956574857,89.34514228167073,2.0,6.0
-8.964152797814005,-2.5924604723095848,2.1262387952987485,74.27259915924904,7.111898579611897,-43.210893027736574,-0.21180515167239333,0.9956867724143077,1.3168735699730107,89.32527445854677,2.0,6.0
-9.148138698692746,-2.3478588411452566,1.6648473844715312,74.35309029198515,6.551614346519146,-42.39921501870411,-0.24019116756439635,0.9938671597324436,1.348170962818136,89.30540663542284,2.0,6.0
-9.33212459957148,-2.1032572099809284,1.2034559736443142,74.43358142472131,5.991330113426393,-41.58753700967165,-0.2685771834563993,0.9920475470505795,1.3794683556632616,89.28553881229894,2.0,6.0
-9.279730148590753,-2.0216479188162246,1.3224498999941898,73.70754135380433,6.4513188576409,-43.070210064194605,-0.05731600103903895,1.0390812638891078,1.5521229617859835,89.26567098917502,2.0,6.0
-9.380234976090335,-1.7358150750351546,1.0736826575620684,73.98971407185297,5.864857485264278,-42.070630520125285,-0.15116553602762367,1.0612705043447783,1.6968986003665856,89.24580316605106,2.0,6.0
-9.480739803589632,-1.4499822312548971,0.824915415130654,74.27188678990083,5.278396112889324,-41.071050976058814,-0.2450150710159416,1.0834597448003855,1.8416742389467764,89.22593534292713,2.0,6.0
-9.58124463108893,-1.1641493874746396,0.5761481726992397,74.55405950794865,4.691934740514368,-40.07147143199235,-0.3388646060042596,1.1056489852559928,1.9864498775269672,89.20606751980321,2.0,6.0
-9.62244854790044,-0.5230935029749747,0.4485164739651271,74.49665032630544,1.70554178739127,-37.225986611549835,-0.22579434391569708,0.9965144581543984,1.7434259269620767,89.18619969667925,2.0,6.0
-9.640989930451616,-0.17366261766035107,0.2673828985258387,74.87603184943742,0.24239374662111637,-36.58013623923596,-0.42085724827342974,1.0423687882172228,1.9504983184718985,89.16633187355535,2.0,6.0
-9.659531313002793,0.17576826765427256,0.08624932308655026,75.25541337256941,-1.220754294149037,-35.93428586692209,-0.6159201526311625,1.0882231182800473,2.1575707099817194,89.14646405043142,2.0,6.0
-9.708098376245248,2.228790283063293,-0.3704782365605044,75.2385053135067,-2.0969024279416035,-35.06567213653361,-0.6059610733628678,1.081115686146112,2.137253637506768,89.12659622730747,2.0,6.0
-9.546932223291295,3.26282043442954,-0.9623713563719778,74.77810511361697,-4.706462364462668,-34.32117010711533,-0.7653594860671905,1.064375229326593,2.1201492013476497,89.10672840418354,2.0,6.0
-9.385766070337342,4.296850585795787,-1.5542644761834512,74.31770491372727,-7.3160223009837315,-33.57666807769707,-0.9247578987715133,1.0476347725070738,2.103044765188532,89.08686058105965,2.0,6.0
-9.224599917382927,5.330880737164973,-2.146157595996607,73.85730471383624,-9.925582237512213,-32.83216604827668,-1.084156311476289,1.0308943156875072,2.0859403290293645,89.06699275793567,2.0,6.0
-9.417035532199009,4.151713838391598,-1.2734788634666168,73.23565077316837,-6.59550037403596,-34.17656276071457,-0.24809539615261,0.6193765934412847,0.7433186537870414,89.04712493481175,2.0,6.0
-9.165302648745866,4.723639573864711,-2.0793092467666647,73.16982994568428,-7.556962394909108,-33.268067963962466,0.02484708965646787,0.454519320339628,0.3146169860017868,89.02725711168783,2.0,6.0
-8.91356976529201,5.295565309339449,-2.885139630069004,73.10400911820005,-8.51842441578499,-32.35957316720778,0.2977895754663216,0.2896620472375028,-0.11408468178468632,89.00738928856387,2.0,6.0
-9.134896328741762,5.246900823766193,-2.468978351938244,73.70728549660157,-9.76149247896444,-32.5543269990339,0.5729074182394043,-0.07486667162518112,-0.670977095080461,88.98752110803363,2.0,6.0
-9.701117070013218,4.224993704016147,-1.7330341380717256,73.48053697288961,-9.431614129660542,-32.131539370860445,0.30687947176747826,-0.077414134207767,-0.5494266876709036,88.96765268290278,2.0,6.0
-10.267337811286284,3.2030865842631955,-0.997089924203116,73.25378844917702,-9.101735780355703,-31.70875174268581,0.04085152529479619,-0.07996159679036013,-0.4278762802610007,88.9477842577719,2.0,6.0
-9.178547852356974,4.596514395294427,-2.3142340365927634,71.41926877164512,-9.412460660069435,-33.3425940144458,0.19347112847027287,-0.2813025243425635,-0.9169397454605869,88.92791583264109,2.0,6.0
-9.396763794739588,3.6922728334056014,-1.973360623507136,72.33675854825562,-8.83056662473061,-32.814476681987784,0.04317077828120064,-0.2023311622286827,-0.7284274583208656,88.90804740751025,2.0,6.0
-9.614979737122205,2.7880312715167754,-1.6324872104215085,73.25424832486611,-8.248672589391782,-32.28635934952977,-0.10712957190787165,-0.12335980011480184,-0.5399151711811445,88.88817898237944,2.0,6.0
-9.833195679505437,1.8837897096253795,-1.2916137973349122,74.1717381014792,-7.6667785540513025,-31.75824201707025,-0.25742992209737114,-0.04438843800069658,-0.35140288404088765,88.86831055724856,2.0,6.0
-9.923609815113656,2.197919444158432,-1.0380501255532533,75.1443700989249,-8.354966462937881,-33.11036310619133,-0.03605628474549767,-0.18463101504879748,-0.4978836256303616,88.84844213211773,2.0,6.0
-9.785976796620128,2.199345731749888,-1.139313772632629,75.28233281216633,-7.9664910067004415,-33.76190020030695,0.02581068054833034,-0.24613405345511363,-0.6026935488022633,88.8285737069869,2.0,6.0
-9.648343778126208,2.200772019341348,-1.2405774197122923,75.42029552540819,-7.578015550461898,-34.41343729442442,0.08767764584233417,-0.30763709186160454,-0.7075034719744632,88.80870528185602,2.0,6.0
-9.53960679689835,1.9977630703804268,-1.2057584754874446,73.16527228297036,-4.230553004514602,-33.251829688455466,0.0625726347666514,-0.25906998395515324,-0.6205159517708396,88.78883685672518,2.0,6.0
-9.623755270637895,2.056952404296084,-1.1201835910728497,73.0737033838158,-3.5164351914049004,-33.665483634377935,0.09787319953254947,-0.3333103442150955,-0.8490598055303974,88.76896843159437,2.0,6.0
-9.707903744377683,2.1161417382119083,-1.0346087066580114,72.98213448466096,-2.8023173782931687,-34.07913758030159,0.13317376429854788,-0.4075507044752488,-1.0776036592906046,88.7491000064635,2.0,6.0
-9.699688481266898,2.2024779313821896,-0.8514031855105924,73.85155641918152,-4.64397651313236,-34.26360096567708,0.21149567648148151,-0.4093479173961651,-1.1067697965219463,88.72923158133266,2.0,6.0
-9.81164903538972,1.871588305833174,-0.8492638253509589,73.78219762210823,-4.066753917918041,-34.33565417402814,0.2304196862814216,-0.5585564916910734,-1.2981934606147896,88.70936315620182,2.0,6.0
-9.923609589512862,1.540698680283218,-0.8471244651913192,73.71283882503472,-3.4895313227020823,-34.40770738237942,0.24934369608141543,-0.7077650659864057,-1.4896171247081773,88.68949473107094,2.0,6.0
-10.035570143635685,1.2098090547342029,-0.8449851050316856,73.64348002796143,-2.912308727487764,-34.479760590730486,0.2682677058813555,-0.856973640281314,-1.6810407888010208,88.66962630594013,2.0,6.0
-9.85652355076216,0.8056352999903907,-0.9022303366495715,75.65827581536374,-2.0869739433208405,-35.63635077248904,0.42702452498856974,-0.8141647154404535,-1.6780550827010847,88.64975788080929,2.0,6.0
-9.896458464874215,0.793512175390945,-0.8152291750743335,75.77129991662096,-1.3950640006945167,-35.67674413453429,0.3720721038002653,-0.8884050661636527,-1.6984348000510725,88.62988945567848,2.0,6.0
-9.936393378986383,0.7813890507914648,-0.728228013498848,75.88432401787851,-0.7031540580662266,-35.71713749657965,0.3171196826118046,-0.9626454168870627,-1.718814517401118,88.61002103054759,2.0,6.0
-9.790645858432024,-1.1417725103091363,0.3004070589846252,75.86570852474921,1.914077939706812,-35.83538501541837,0.013280683742683708,-0.9780667795747457,-1.7200512973709154,88.59015260541676,2.0,6.0
-9.72147265591744,-1.3549966733643624,0.3175220380133114,76.16384859280313,2.554132489877128,-36.79686069290773,-0.006735099567234611,-1.0075445785134702,-1.6254312316819146,88.57028418028595,2.0,6.0
-9.652299453402657,-1.5682208364201946,0.3346370170420463,76.4619886608579,3.194187040049264,-37.75833637039982,-0.026750882877209822,-1.0370223774522784,-1.5308111659926447,88.55041575515506,2.0,6.0
-9.672397275149617,-1.9036064493546097,0.4213855495630176,74.9586976416105,6.9548594518154605,-39.44368125988844,0.47156387924716103,-1.024151414325194,-1.6215046494098508,88.53054733002422,2.0,6.0
-9.454894147098056,-2.4249002420787447,0.7815133037741157,74.45793821167933,7.713396286531568,-40.60385864331024,0.49922204851669766,-1.012869795253244,-1.5509035246464262,88.51067890489341,2.0,6.0
-9.23739101904588,-2.946194034804362,1.1416410579862375,73.9571787817467,8.47193312124983,-41.764036026735326,0.526880217786313,-1.0015881761812615,-1.480302399882801,88.49081047976252,2.0,6.0
-9.01988789099432,-3.4674878275284966,1.5017688121973358,73.45641935181553,9.230469955965937,-42.92421341015713,0.5545383870558496,-0.9903065571093118,-1.4097012751193765,88.47094205463169,2.0,6.0
-8.751576241421878,-2.6309981012423567,1.431894966889299,73.54540191304281,9.419383839769603,-42.93541239288884,0.7953994427659524,-1.09884274438588,-1.5750227234396947,88.45107362950087,2.0,6.0
-8.533360299038643,-3.0167983865824577,1.701455914308033,72.77904449116633,10.790057973073035,-43.98618776825708,0.7135166989303451,-1.1017541174647087,-1.5280766317876875,88.43120520436999,2.0,6.0
-8.315144356656031,-3.4025986719214623,1.9710168617260009,72.01268706929204,12.16073210637257,-45.03696314362234,0.6316339550949703,-1.1046654905435291,-1.4811305401358137,88.41133677923916,2.0,6.0
-8.200452214515606,-4.817813548576948,2.917363286644921,72.07669678457742,12.813262678955097,-45.731938640360795,0.36677696983698976,-1.0382938775840695,-1.332327236331504,88.39146835410834,2.0,6.0
-8.1954604569439,-4.714410581123745,2.968708215386476,71.5370833278503,13.85406017956746,-47.205497142560894,0.31946694176072643,-0.9509522638143696,-1.2500805513032691,88.37159992897746,2.0,6.0
-8.190468699372206,-4.611007613670836,3.020053144127884,70.99746987112472,14.894857680176864,-48.67905564475682,0.2721569136845976,-0.8636106500449178,-1.1678338662752676,88.35173150384662,2.0,6.0
-7.873812751184254,-4.663909944601987,3.593177035595834,71.990906757308,14.336036880734216,-46.640822031249456,0.16072970463708597,-0.9206016565151491,-1.1468934813860394,88.33186307871581,2.0,6.0
-7.796082248101831,-4.70027917534928,3.484782098080366,71.09765526194494,15.164402588133278,-47.438082163086925,0.105049434441971,-0.8860289455241767,-1.1010391513230846,88.31199465358493,2.0,6.0
-7.718351745019626,-4.73664840609647,3.3763871605652054,70.20440376658442,15.992768295529986,-48.235342294922155,0.049369164247014326,-0.8514562345333024,-1.05518482126026,88.2921262284541,2.0,6.0
-7.640621241937421,-4.77301763684366,3.267992223050045,69.3111522712239,16.821134002926694,-49.03260242675736,-0.006311105947942347,-0.8168835235424282,-1.0093304911974357,88.27225780332327,2.0,6.0
-7.789531226996893,-4.50752303570249,3.27031517003462,68.54290748210039,17.60004153618377,-51.02433001127761,0.5412548324250903,-0.9587321881159296,-1.0199735875705491,88.25238937819245,2.0,6.0
-7.697538276557262,-4.606647352871871,3.24606892083566,67.86260276408149,18.418901246878715,-50.89361150351064,0.44481514660337074,-0.9929409722193892,-1.0272520734647663,88.23252095306155,2.0,6.0
-7.605545326117893,-4.70577167004097,3.2218226716367684,67.18229804606453,19.23776095757133,-50.76289299574404,0.3483754607819253,-1.0271497563227519,-1.034530559358963,88.21265252793071,2.0,6.0
-7.01122915675471,-5.1675689535547376,4.305464945283025,65.34483330143696,20.1707036052752,-53.20045511495154,-0.4080566127839707,-0.8386331154400452,-0.664039945265056,88.1927841027999,2.0,6.0
-7.011942407093742,-5.2638406973293375,4.307604269977901,65.25883057011356,20.893290046316633,-53.24429776917983,-0.27413282471303313,-0.8244401051098175,-0.6331064602338682,88.17291567766902,2.0,6.0
-7.012655657432773,-5.360112441103664,4.309743594672771,65.1728278387904,21.61587648735601,-53.288140423408,-0.14020903664247625,-0.8102470947796302,-0.6021729752027685,88.1530472525382,2.0,6.0
-6.552937525747913,-6.237043556823839,4.468056821094549,67.3231261890229,20.107198252819725,-52.4411879904456,-0.0006424014742707154,-0.7729208957099489,-0.48719222734746354,88.13317882740738,2.0,6.0
-6.423862093923932,-7.0257589193741925,4.860275296437105,66.04845928838567,20.85155875697156,-53.273557222624945,-0.083252999084904,-0.7674620579623644,-0.48318906704958514,88.11331040227648,2.0,6.0
-6.29478666210032,-7.814474281922304,5.252493771778544,64.77379238775205,21.595919261121267,-54.10592645480192,-0.1658635966953025,-0.7620032202147957,-0.47918590675171807,88.09344197714566,2.0,6.0
-6.165711230276705,-8.603189644470413,5.644712247119985,63.499125487118455,22.34027976527098,-54.9382956869789,-0.248474194305701,-0.7565443824672268,-0.4751827464538512,88.07357355201484,2.0,6.0
-6.0488721040811795,-7.227597581964531,5.334517331543202,64.23700514810069,21.67022965220701,-54.36192499197001,-0.4707463388876888,-0.7782204788541369,-0.4072400998209879,88.05370512688395,2.0,6.0
-5.828516688737142,-7.082833339792422,5.541323399963424,63.8000917722466,22.013847778122223,-54.68220464742625,-0.3593858080345185,-0.7844071864699836,-0.41379072478760326,88.03383670175313,2.0,6.0
-5.608161273393104,-6.938069097620312,5.748129468383646,63.363178396392506,22.35746590403744,-55.002484302882515,-0.2480252771813483,-0.7905938940858304,-0.4203413497542187,88.01396827662231,2.0,6.0
-5.930213016397885,-7.938875320328082,5.848290058376054,62.15427649965865,22.16715806677822,-55.63032023219698,0.7297682274367414,-0.718685744489348,-0.38135703888142514,87.98819971195783,2.0,6.0
-5.642823871499869,-7.840464113128797,5.792666479350677,61.17850570192727,22.008653628377647,-56.62852396755047,0.6213190639996422,-0.8278627330912434,-0.5141890415214523,87.94846286169609,2.0,6.0
-5.3554347266026685,-7.742052905929789,5.737042900325459,60.20273490419866,21.85014918997752,-57.62672770290113,0.5128699005628512,-0.9370397216928288,-0.6470210441611021,87.90872601143441,2.0,6.0
-5.068045581705468,-7.6436416987307805,5.6814193213002415,59.226964106470064,21.6916447515774,-58.624931438251785,0.40442073712606014,-1.046216710294414,-0.7798530468007516,87.86898916117276,2.0,6.0
-4.740634886869096,-6.041753056912676,5.649623326642695,61.05127242615654,22.493908787949557,-58.08445026927628,0.528385379131819,-0.8911175774069889,-0.6412568455565236,87.829252310911,2.0,6.0
-4.634379346021415,-6.168689168362756,5.7794118684364,61.04019466331437,22.647742921097606,-57.68642387920096,0.5695087216458198,-0.9387915180655152,-0.7023959618436996,87.78951546064934,2.0,6.0
-4.528123805173734,-6.295625279812836,5.909200410230105,61.0291169004722,22.801577054245655,-57.28839748912564,0.6106320641598204,-0.986465458724041,-0.7635350781308755,87.7497786103877,2.0,6.0
-4.101703564724526,-6.378246334272757,6.3430526505263645,59.11241864739947,23.448626938075897,-61.311444354194975,0.3920684723250425,-0.9842422260944128,-0.7688975728346011,87.71004176012593,2.0,6.0
-4.0574897881361265,-6.266285780149934,6.420070043638478,58.3357337719119,23.43021459123601,-61.168547587532494,0.30472686809233385,-0.871789900273592,-0.7161286843611384,87.67030490986429,2.0,6.0
-4.0132760115477275,-6.154325226027111,6.49708743675059,57.55904889642432,23.41180224439612,-61.025650820870034,0.2173852638596252,-0.7593375744527715,-0.6633597958876757,87.63056805960262,2.0,6.0
-3.713038029947026,-5.9526292661824325,6.835114883343304,57.43053503935626,22.843549543115802,-62.407798763551405,0.4342682894023848,-0.9307637549655997,-0.7439439218976118,87.59083120934086,2.0,6.0
-3.5340438130282434,-6.0324990944065435,6.871484254757456,56.40761549895193,23.125371957513742,-63.13645721081637,0.3476545389446999,-0.831412701727775,-0.6922668093183132,87.55109435907922,2.0,6.0
-3.3550495961094606,-6.112368922630652,6.907853626171607,55.38469595854758,23.40719437191168,-63.865115658081336,0.2610407884870149,-0.7320616484899503,-0.6405896967390144,87.51135750881757,2.0,6.0
-3.17605537919017,-6.1922387508549885,6.944222997585862,54.36177641814033,23.689016786310415,-64.59377410534837,0.17442703802908388,-0.6327105952518433,-0.5889125841595689,87.4716206585558,2.0,6.0
-3.3308083079045363,-6.244746887525225,7.036978900091,54.1289222538492,23.432501084941585,-62.923274653632376,0.04528726316106614,-0.4839314534191621,-0.43492771578144446,87.43188380829415,2.0,6.0
-3.215995323438088,-6.2140825222336575,6.979215852872731,53.90211916089287,23.59160579456668,-63.638140528875866,0.03982841289652185,-0.45227013368652486,-0.39889930916145167,87.39214695803251,2.0,6.0
-3.1011823389713133,-6.183418156942001,6.921452805654296,53.67531606793588,23.750710504192234,-64.35300640412139,0.034369562631962045,-0.4206088139537977,-0.3628709025413564,87.35241010777074,2.0,6.0
-2.7081019927981584,-6.167787154894468,7.1640077822037505,52.351055927610886,23.159260458991582,-63.749269577621774,0.038747911421760046,-0.28905453129399206,-0.2637213040768931,87.3126732575091,2.0,6.0
-2.702396984887435,-6.170639587920302,7.136195992691142,52.33162891540577,23.30038995270484,-63.9059635320894,0.026374517647738707,-0.22027301712626896,-0.20258218778971723,87.27293640724743,2.0,6.0
-2.696691976976712,-6.173492020946137,7.108384203178533,52.31220190320067,23.441519446418088,-64.06265748655703,0.01400112387371737,-0.15149150295854588,-0.1414430715025414,87.23319955698578,2.0,6.0
-2.427869211122613,-6.973765296391235,7.530054124203716,52.189619523507446,24.02521071148024,-65.27949557982423,-0.07970649955923566,-0.18771308307312504,-0.21563150296684813,87.19346270672403,2.0,6.0
-2.3936393055173286,-7.00942156021948,7.689080670681843,51.99615657947687,24.064359187604012,-64.91313358031285,-0.05204832552132748,-0.10401071910530564,-0.14575822721007578,87.15372585646237,2.0,6.0
-2.359409399912044,-7.045077824047725,7.84810721715997,51.802693635446275,24.10350766372779,-64.54677158080146,-0.02439015148341928,-0.020308355137486273,-0.07588495145330339,87.1139890062007,2.0,6.0
-2.325179494306661,-7.080734087876071,8.00713376363855,51.609230691415135,24.142656139851677,-64.18040958128903,0.003268022554567526,0.063394008830571,-0.0060116756963324025,87.07425215593895,2.0,6.0
-1.9694797852891988,-7.814958495011648,8.734939245503046,51.57229995727539,24.150129318237305,-64.1104736328125,-0.1390335448610556,0.9623482522745822,0.7191046537976682,87.03451530567727,2.0,6.0
-2.0436446765321126,-7.714407957902367,8.65649563245075,51.57229995727539,24.150129318237305,-64.1104736328125,-0.19616950830094504,1.0304019126672816,0.7747849192242533,86.99477845541564,2.0,6.0
-2.117809567775237,-7.613857420792796,8.578052019398227,51.57229995727539,24.150129318237305,-64.1104736328125,-0.2533054717409969,1.0984555730601744,0.8304651846509966,86.9550416051539,2.0,6.0
-2.9632015865955124,-7.309229648017226,7.4029294523645826,52.8508885633669,24.257707016513,-63.24346707629567,-0.0884475255238933,1.3597701187048854,1.0983216953754245,86.91530475489222,2.0,6.0
-3.381805559983804,-6.56900664081575,6.874504464572095,54.29958790418591,23.615326950595616,-62.9341492013875,-0.21072575809824495,1.2858937139426845,1.0295401812077014,86.87556790463057,2.0,6.0
-3.800409533373284,-5.8287836336121694,6.346079476778105,55.74828724500902,22.972946884676407,-62.62483132647846,-0.3330039906729442,1.2120173091802735,0.9607586670397827,86.83583105436881,2.0,6.0
-4.456037870674943,-5.508219975182892,5.847979022996018,54.529150717831016,23.205981120728744,-63.41300103217732,-0.34856445554439014,1.1732213070463795,0.904653318332569,86.79609420410715,2.0,6.0
-4.53519458892896,-5.653697327325093,5.871512021557857,56.77123583135437,22.607421550416788,-62.13714837104567,-0.4162541890495776,1.1208163454604287,0.8406028107871558,86.7563573538455,2.0,6.0
-4.614351307182978,-5.799174679467296,5.895045020119695,59.01332094487772,22.008861980104832,-60.86129570991402,-0.483943922554765,1.068411383874478,0.7765523032417428,86.71662050358385,2.0,6.0
-4.69350802543722,-5.944652031609912,5.9185780186816,61.25540605840744,21.41030240979117,-59.585443048778735,-0.5516336560601449,1.016006422288378,0.7125017956961479,86.67688365332208,2.0,6.0
-5.311940044574094,-5.60643447317467,5.779196358314714,59.1232688567138,22.38350245348971,-60.604258242876895,-0.3789754919225744,1.061605932305596,0.7766860407649547,86.63714680306043,2.0,6.0
-5.550123600176905,-5.780436853545606,5.779909608653744,60.16004917592672,21.95208079211315,-60.08871937874162,-0.5176302770786982,0.9931883450253853,0.7060849160015301,86.59740995279878,2.0,6.0
-5.788307155780392,-5.954439233917036,5.7806228589927775,61.196829495142595,21.520659130735364,-59.573180514604886,-0.6562850622352162,0.9247707577449794,0.6354837912379049,86.55767310253701,2.0,6.0
-5.445652284942521,-6.217327595555882,5.8424139296185045,62.94823878354882,21.63329165883181,-56.3748361553498,-0.6421896202740369,0.9957062935543753,0.705516754428654,86.51793625227536,2.0,6.0
-5.598973961196654,-6.633079090916833,6.037809990561931,64.15354235715611,21.466154322101005,-55.61451785701064,-0.8751005585367646,1.0946934532832893,0.8434436858097543,86.47819940201371,2.0,6.0
-5.7522956374512235,-7.048830586278965,6.233206051505912,65.35884593076685,21.29901698536972,-54.85419955866933,-1.1080114968001542,1.1936806130124844,0.9813706171912464,86.43846255175195,2.0,6.0
-6.0641006987713615,-7.809594448732259,6.256176423202847,62.56141541949386,21.1829347303794,-57.33835627294231,-0.9327557955120755,1.6033602005911929,1.672241160710975,86.39872570149029,2.0,6.0
-6.309415468516011,-7.120003307985816,5.17864560044992,63.61211236468334,20.772685745089245,-55.89828806615651,-0.7369650659895485,1.4523319966270969,1.6129216550195007,86.35898885122864,2.0,6.0
-6.554730238261358,-6.430412167237413,4.101114777693932,64.6628093098758,20.362436759797927,-54.45821985936661,-0.541174336466465,1.3013037926625715,1.5536021493278576,86.31925200096688,2.0,6.0
-6.800045008006008,-5.74082102649097,3.0235839549410057,65.71350625506528,19.952187774507767,-53.01815165258082,-0.345383606943938,1.1502755886984755,1.4942826436363834,86.27951515070522,2.0,6.0
-7.05313040881927,-5.099244511037851,2.126338936986644,69.1122335737649,16.77824080245203,-48.44346661349448,-0.3178572928917139,1.4482381782510303,1.5817020699342155,86.23977830044356,2.0,6.0
-7.1472628226835875,-5.12420386782272,2.054313409032403,70.16287474808334,16.197220447226297,-48.14104733248804,-0.16500949740496829,1.273191028592489,1.5154680201370294,86.20004145018181,2.0,6.0
-7.241395236547638,-5.149163224607517,1.9822878810783673,71.21351592239878,15.616200092002215,-47.838628051482445,-0.01216170191865712,1.098143878934445,1.4492339703400314,86.16030459992014,2.0,6.0
-7.553809494199981,-4.352392709487868,1.4554721741918788,70.46896724409996,17.04199731016795,-47.340176438485635,0.4180615004603051,0.7046593000769842,1.2601472736676076,86.12056774965849,2.0,6.0
-7.627261346998585,-4.262538936370629,1.4946940140967395,70.7845061273098,15.99376740599112,-47.53421917835418,0.4384412106577932,0.6820960619330196,1.305637695916536,86.08083089939673,2.0,6.0
-7.700713199796981,-4.172685163253645,1.5339158540014892,71.10004501051874,14.94553750181727,-47.72826191822217,0.45882092085522336,0.6595328237891194,1.3511281181653347,86.04109404913507,2.0,6.0
-7.774165052595376,-4.08283139013666,1.5731376939062387,71.41558389372769,13.897307597643419,-47.922304658090155,0.4792006310526536,0.636969585645219,1.3966185404141338,86.00135719887342,2.0,6.0
-8.523923119491233,-2.520305270221672,2.6339468388694542,72.6161025077719,13.582349659799954,-45.98254813992563,-0.2806559674785109,0.8693090747401417,1.6191052475591259,85.98081076023875,2.0,6.0
-8.524636227747694,-2.4218940630223846,2.7002673964638815,72.56135944193775,12.467052952644476,-45.47207519375765,-0.5939939611009427,0.9741189979123415,1.7530290165565767,85.96094293711478,2.0,6.0
-8.525349336004153,-2.3234828558233778,2.766587954058121,72.50661637610378,11.351756245492172,-44.96160224759113,-0.9073319547224838,1.0789289210842432,1.8869527855536476,85.94107511399089,2.0,6.0
-8.85386179016776,-1.9339610736584572,2.651673963710064,72.04537897038153,12.894636305091828,-46.35222678397866,-0.5702836203040416,0.9715834471000333,1.746109095353955,85.92120729086697,2.0,6.0
-8.807508903014046,-1.6800888316840898,2.029116476221068,73.13562456059361,10.488437422030536,-44.94077613089976,-0.6383372806969343,1.0349061199440888,1.8319950111103465,85.90133946774301,2.0,6.0
-8.761156015860465,-1.4262165897104435,1.4065589887338412,74.22587015080259,8.082238538976085,-43.52932547782487,-0.7063909410896336,1.0982287927879644,1.9178809268664945,85.88147164461907,2.0,6.0
-8.97884729988076,-2.0940204312305446,2.353286847000145,75.58461531237822,6.928030305539911,-41.56628467342204,0.07108289265050428,0.9583357980941025,1.762758796434754,85.86160382149518,2.0,6.0
-9.020208712882852,-1.2789194180453751,1.5039558686049488,75.51044523314681,5.953863664302677,-41.21250339290378,0.04815572285065529,0.852070205518824,1.5979015042591425,85.8417359983712,2.0,6.0
-9.061570125884831,-0.4638184048625229,0.6546248902121665,75.43627515391563,4.979697023068212,-40.85872211238652,0.025228553050871454,0.7458046129438474,1.4330442120839995,85.82186817524729,2.0,6.0
-9.102931538886809,0.35128260832032954,-0.19470608818061572,75.36210507468444,4.005530381833745,-40.50494083186926,0.0023013832510876127,0.6395390203688709,1.2681869199088562,85.80200035212337,2.0,6.0
-9.133956429759827,-0.04085456261820436,-0.36029395592994146,75.37867532556137,0.9129279840301073,-39.21456955194535,0.1613387884251522,0.7895826998120448,1.4668851470226263,85.7821325289994,2.0,6.0
-9.280860135356615,0.1531152211645782,-0.3139408828098663,75.06383676354993,0.24746526125239243,-39.36253226518679,0.058348485385695086,0.6913234033948977,1.2663634108777893,85.7622647058755,2.0,6.0
-9.427763840953409,0.3470850049473607,-0.26758780968979134,74.74899820153851,-0.4179974615253228,-39.510494978428234,-0.04464181765376202,0.5930641069777509,1.0658416747329522,85.74239688275156,2.0,6.0
-10.386073437560508,1.6095934956643194,-0.2660063033609309,75.68499503613474,-1.1439982154960204,-37.4586363288867,0.13101079320974254,0.5570915881266044,1.046163044904337,85.72252905962766,2.0,6.0
-10.331162968505229,1.6081672436866343,-0.4250330119641435,75.16283496380706,-1.620712616742059,-37.02711971969397,0.012735703945597948,0.5665535948147408,1.0545332560287737,85.70266123650369,2.0,6.0
-10.2762524994501,1.6067409917089537,-0.584059720566904,74.64067489148087,-2.0974270179867425,-36.59560311050247,-0.10553938531821049,0.57601560150285,1.062903467153186,85.68279341337977,2.0,6.0
-10.302806445769626,1.524721833017942,-0.6309078350284493,75.6373403776174,-4.697010047245529,-36.480013509895606,0.13460084498615515,0.4626382816243913,0.9782063329152725,85.66292559025585,2.0,6.0
-10.071041156462538,2.4524964912228606,-1.019560560248927,74.90228811626345,-4.993447062779548,-35.83882431616879,0.19428426802856788,0.42297064189195377,0.9334437644413699,85.64305776713189,2.0,6.0
-9.83927586715611,3.3802711494251416,-1.4082132854683,74.16723585491158,-5.289884078312727,-35.197635122443785,0.25396769107081096,0.383303002159629,0.8886811959675949,85.62318994400796,2.0,6.0
-9.607510577849679,4.3080458076274235,-1.7968660106876733,73.43218359355971,-5.586321093845905,-34.55644592871878,0.313651114113054,0.3436353624273043,0.8439186274938196,85.60332212088406,2.0,6.0
-9.828025672588739,4.180525568524649,-1.6664778486662135,74.19946006191542,-4.960981248239814,-35.35317280845593,0.44376343350750314,0.13873339326292272,0.2692666093820487,85.5834542977601,2.0,6.0
-9.808771182451656,4.132033070126866,-1.4696555677826035,73.82082431209888,-5.040751598695979,-35.20337744789088,0.35205475430836775,0.05757849366582857,-0.012773967552509256,85.56358647463618,2.0,6.0
-9.789516692314574,4.083540571729082,-1.2728332868989936,73.44218856228233,-5.1205219491521445,-35.05358208732583,0.26034607510923247,-0.02357640593126561,-0.2948145444870671,85.54371865151225,2.0,6.0
-9.898050907180233,2.909939347753245,-0.446188919025088,73.98894520940931,-5.144853614183427,-35.111968220850486,0.1265908814044117,-0.03751688081224725,-0.5310714294232831,85.5238508283883,2.0,6.0
-9.920870938823128,2.4599579253293378,-0.3734502429539871,74.1491180151953,-4.893274482103577,-35.42190455355284,0.038885355052562735,-0.029146644653883884,-0.4848531629362036,85.50398300526439,2.0,6.0
-9.943690970466019,2.0099765029054306,-0.30071156688288625,74.30929082098126,-4.641695350023729,-35.73184088625519,-0.0488201712992862,-0.020776408495520524,-0.438634896449124,85.48411518214047,2.0,6.0
-9.964445490664069,2.2076958630356236,-0.489359656134208,74.64144432528195,-5.722023109335435,-33.85329393173629,-0.03624936037925838,-0.05656123360410648,-0.46333033049539446,85.4642473590165,2.0,6.0
-9.950896149700716,1.7320419476307827,-0.4993434025436152,74.53323605044076,-4.862542671103795,-34.23873277450937,-0.10284732752702495,-0.03982076009528686,-0.4178399082465956,85.4443795358926,2.0,6.0
-9.937346808737367,1.2563880322259415,-0.5093271489530222,74.42502777559953,-4.003062232872155,-34.624171617282464,-0.16944529467479155,-0.023080286586467248,-0.37234948599779666,85.42451171276868,2.0,6.0
-9.923797467773976,0.7807341168197491,-0.5193108953624578,74.31681950075803,-3.143581794638072,-35.00961046005665,-0.2360432618227474,-0.006339813077600051,-0.3268590637488683,85.4046438896447,2.0,6.0
-9.827859951957986,0.8381830345894019,-0.4851328045840284,74.34238779335757,-3.4389435452897272,-35.53087187447569,-0.13242152128822593,-0.038338489283557854,-0.3946948202766236,85.38477606652079,2.0,6.0
-9.903416769012669,0.7455190216805505,-0.44379039354280614,74.34795142977971,-3.430477635927896,-35.16122870125825,0.0149004372535102,-0.07398676370521731,-0.4205216320670664,85.36490824339688,2.0,6.0
-9.978973586067347,0.6528550087716993,-0.402447982501584,74.35351506620185,-3.422011726566064,-34.79158552804082,0.16222239579524633,-0.1096350381268768,-0.44634844385750927,85.34504042027297,2.0,6.0
-9.9328253917573,0.35237365772082574,-0.9659886232872688,74.32699322973563,-2.3837255038828613,-33.90254654905831,0.11051740471220704,-0.0335917510736933,-0.3991050488703091,85.32517259714899,2.0,6.0
-9.974186523425352,0.2839137273009662,-1.0109154526253017,74.50380996023473,-2.277510179481103,-34.240693445420305,0.3590770513184263,-0.1154745044458112,-0.4373169929735153,85.30530477402507,2.0,6.0
-10.015547655093407,0.21545379688110652,-1.0558422819633344,74.68062669073387,-2.171294855079344,-34.5788403417823,0.6076366979246456,-0.19735725781792912,-0.4755289370767216,85.28543695090116,2.0,6.0
-9.943751255129257,0.2151692577644707,-0.8942675355710751,74.05616094785213,-0.9827476043569507,-35.33648439140844,1.0651995630510607,-0.4865295617861528,-0.6968600453956542,85.26556912777718,2.0,6.0
-10.146991649721356,0.6045351024906791,-1.013359294298994,74.00622915940767,-0.5466550750604724,-35.25184591980512,1.0055161304720743,-0.5629534690660515,-0.7787427892310289,85.24570130465328,2.0,6.0
-10.350232044313456,0.9939009472168874,-1.1324510530269132,73.9562973709632,-0.11056254576399405,-35.16720744820181,0.945832697893088,-0.6393773763459503,-0.8606255330664035,85.22583348152936,2.0,6.0
-10.553472438906136,1.3832667919442023,-1.2515428117551703,73.90636558251857,0.3255299835337237,-35.082568976598246,0.8861492653139321,-0.7158012836260662,-0.9425082769020112,85.20596565840539,2.0,6.0
-9.89797340540829,0.1687786621447397,-0.4979407671275216,74.70962503297153,0.22993919650444264,-35.08907819808566,0.6705179929665094,-0.796452481175944,-1.1975758021702296,85.18609783528147,2.0,6.0
-10.060565492200135,0.1295568293925476,-0.06721372397605785,74.9113803849916,0.032722285188704014,-36.0383710295057,0.6061035585335846,-0.8841579884543067,-1.2547117513050043,85.16623001215758,2.0,6.0
-10.223157578992442,0.090334996640244,0.36351331917663,75.11313573701226,-0.16449462612759513,-36.98766386092842,0.5416891241004766,-0.9718634957329184,-1.3118477004399411,85.14636218903358,2.0,6.0
-10.227627507580015,0.0463089229871039,0.7290144530559347,76.92124892952168,1.480497744558222,-38.40995085627717,0.8055031698134992,-0.7772473544649107,-1.2472879104739043,85.12649436590966,2.0,6.0
-10.000140859020652,-0.3337862918563004,0.7197438327098737,76.67228576423872,1.9472690229391447,-38.328761681625146,0.7403609006790369,-0.821645996051174,-1.2381898121958668,85.10662654278578,2.0,6.0
-9.77265421046129,-0.7138815066997047,0.7104732123638129,76.42332259895572,2.4140403013200684,-38.24757250697312,0.6752186315445747,-0.8660446376374374,-1.2290917139178295,85.08675871966186,2.0,6.0
-9.54516756190128,-1.0939767215441891,0.7012025920177256,76.17435943367205,2.8808115797023177,-38.16638333232086,0.6100763624099274,-0.9104432792238271,-1.219993615639766,85.06689089653788,2.0,6.0
-9.633596464090354,-0.9067427863764158,0.6245962057877639,74.32844439277771,6.768779592966286,-42.34469732499424,0.2857487353700342,-1.025112851672097,-1.1916869991772636,85.04702307341395,2.0,6.0
-9.442478910379592,-1.1534837760612495,1.0724382696911652,74.22023156891001,7.628261175607107,-42.73013841843871,0.04119227022133087,-0.9985464439916096,-1.1236333387845643,85.02715525029006,2.0,6.0
-9.251361356668289,-1.4002247657467852,1.5202803335958393,74.112018745042,8.487742758250368,-43.11557951188428,-0.2033641949280676,-0.9719800363110467,-1.0555796783916715,85.00728742716609,2.0,6.0
-8.908766764657075,-2.631441787917917,2.0856887348013875,73.11603965913497,7.051648518704002,-41.88268899438525,0.1224258394239404,-0.8975083710024696,-1.0781319343870908,85.0,2.0,6.0
-8.648476294534019,-2.7626566831662114,2.1334680517035047,73.21514834558202,7.722381779811789,-42.84760941979941,0.04964117717730247,-0.8203566290210335,-0.9198252785034456,85.0,2.0,6.0
-8.388185824410227,-2.8938715784148776,2.1812473686057574,73.31425703202936,8.393115040921485,-43.81252984521631,-0.02314348506954228,-0.7432048870393779,-0.7615186226193505,85.0,2.0,6.0
-8.807989140034092,-3.286387229941344,2.4670910144213862,71.68534097632366,11.484554291375378,-46.07557987477566,0.12854845374480975,-0.6915771545636891,-0.6943704103487854,85.0,2.0,6.0
-8.584068031788446,-3.152319894812682,2.8550306201339244,71.47796035727477,11.502529507287226,-46.63374267842506,0.002267068323171667,-0.679931608604227,-0.6576141618746978,85.0,2.0,6.0
-8.360146923542164,-3.0182525596836385,3.242970225847565,71.27057973822531,11.520504723199126,-47.19190548207604,-0.12401431709882532,-0.6682860626447319,-0.6208579134005057,85.0,2.0,6.0
-8.136225815296518,-2.8841852245549764,3.6309098315601025,71.06319911917642,11.538479939110976,-47.75006828572543,-0.2502957025204634,-0.6566405166852698,-0.5841016649264179,85.0,2.0,6.0
-7.970700703107036,-2.9779769653541304,2.8185141319698106,71.08158510451908,11.334491920788691,-47.21557755670036,-0.5418034700117159,-0.3610498789167989,-0.5645029122210112,85.0,2.0,6.0
-8.059128113232937,-3.007928220675691,2.966130871243167,71.048297245556,11.625221805890572,-47.159151908964645,-0.5519933108053452,-0.3672365775919665,-0.6125407988406719,85.0,2.0,6.0
-8.14755552335859,-3.0378794759971663,3.1137476105161044,71.01500938659301,11.915951690991625,-47.102726261229115,-0.5621831515989456,-0.37342327626711647,-0.660578685460196,85.0,2.0,6.0
-8.336825939722441,-4.089261111669052,3.1661816642545086,73.26930650624945,13.11392118486978,-47.37235008593962,-0.632799375827527,-0.4415991387620675,-0.732355516899392,85.0,2.0,6.0
-8.366777054377039,-4.131335348538945,3.124820461060764,72.87125284108755,13.175279755922451,-47.37924867626595,-0.4566604788850479,-0.542041977431085,-0.8761052117238884,85.0,2.0,6.0
-8.396728169031553,-4.173409585408719,3.083459257867137,72.47319917592678,13.236638326974948,-47.38614726659225,-0.2805215819430695,-0.6424848160998168,-1.0198549065479767,85.0,2.0,6.0
-8.688492092596892,-5.291240540767313,2.777098254987688,70.5969871764939,15.187468670125822,-46.5866091899287,-0.48292476496701886,-0.6423008707511828,-1.0419242013235,85.0,2.0,6.0
-8.610048479544595,-5.351142913127488,2.7385894869060574,70.27310358579595,16.222993343586793,-46.94728675645669,-0.38757686457648055,-0.7634873274313706,-1.129993668867976,85.0,2.0,6.0
-8.531604866492076,-5.411045285487833,2.7000807188243185,69.94921999509708,17.25851801705071,-47.30796432298571,-0.2922289641856713,-0.8846737841119026,-1.2180631364127017,85.0,2.0,6.0
-8.453161253439779,-5.470947657848008,2.6615719507426885,69.62533640439914,18.29404269051168,-47.668641889513694,-0.19688106379513304,-1.00586024079209,-1.3061326039571772,85.0,2.0,6.0
-8.176319452306585,-5.946909625634486,3.1659428220910577,67.82181071278758,19.017349458090408,-50.184454889266696,0.10852111050799884,-1.2702672005941835,-1.3852967742970903,85.0,2.0,6.0
-7.902479787846827,-6.2663893581485315,3.767106571787044,67.35155604359721,19.480924363486807,-51.585960168810416,0.4520647353865924,-1.2706311088924975,-1.3645531467488328,85.0,2.0,6.0
-7.6286401233878465,-6.585869090661668,4.368270321481321,66.8813013744082,19.944499268881895,-52.98746544835016,0.7956083602642096,-1.270995017190811,-1.3438095192006339,85.0,2.0,6.0
-7.522985287896898,-7.93589716142759,4.565811949935496,67.40267159936548,20.346772912113845,-50.7427214082878,0.3657656273294239,-1.3125692760895056,-1.3233062946881124,85.0,2.0,6.0
-7.073717023125521,-7.709123632374418,4.867463561264204,66.1335208272683,20.928830102056377,-52.34292831747057,0.42071804851788447,-1.265987058872924,-1.2323254501902559,85.0,2.0,6.0
-6.624448758355422,-7.48235010332189,5.169115172592054,64.86437005517473,21.510887291997253,-53.943135226648806,0.475670469706189,-1.219404841656475,-1.141344605692658,85.0,2.0,6.0
-5.915059692993848,-6.567228777884772,5.163003515534952,63.70801028365431,21.643355935750566,-53.776208386651376,0.5489496477507964,-1.1894376778347775,-1.0970304653200091,85.0,2.0,6.0
-5.7175243116763275,-6.428169548987409,5.125207926564694,62.63788752669424,22.19473441475554,-55.372963757748224,0.4863548429868814,-1.147950422738262,-1.007869269564832,85.0,2.0,6.0
-5.519988930359368,-6.28911032009044,5.087412337594544,61.5677647697372,22.746112893758944,-56.96971912884052,0.42376003822314445,-1.106463167641864,-0.9187080738099082,85.0,2.0,6.0
-5.322453549042408,-6.150051091193472,5.049616748624394,60.49764201278017,23.297491372762348,-58.566474499932816,0.3611652334594074,-1.0649759125454663,-0.8295468780549845,85.0,2.0,6.0
-4.913393986544183,-6.689642404710215,5.495771251983782,62.63589306505538,22.754501091212614,-56.08858377870933,0.13512688949578433,-1.1680781833639675,-0.9418797466202816,85.0,2.0,6.0
-4.784318554720204,-6.397974599991634,5.543550640411609,60.41323620469952,23.211931167812615,-57.20774248537653,0.16860783412933292,-1.116401070784522,-0.8774653121871737,85.0,2.0,6.0
-4.655243122896591,-6.106306795273881,5.5913300288393,58.19057934434998,23.669361244411323,-58.32690119204055,0.20208877876278636,-1.0647239582052233,-0.813050877754249,85.0,2.0,6.0
-3.992482030954508,-6.582899290098007,6.2542414256729435,59.288512122819675,24.04216454165193,-58.903632413924925,-0.010595184774564332,-0.8872608148495222,-0.6154022849194951,85.0,2.0,6.0
-3.857701519098168,-6.737647329343911,6.511679188887552,58.688643996902975,24.129967523982423,-59.09888935285964,-0.034978047819350225,-0.7034795152581026,-0.49166836386823054,85.0,2.0,6.0
-3.722921007242212,-6.892395368589376,6.769116952101429,58.088775870988,24.217770506312664,-59.29414629179379,-0.059360910864066814,-0.5196982156672052,-0.36793444281731774,85.0,2.0,6.0
-3.7729291915928913,-6.922254392786086,6.6946893690200335,56.14326723178807,24.949920283776503,-60.64525491593263,0.0010717000669676667,-0.7653791898486086,-0.5596908097215684,85.0,2.0,6.0
-3.675231227878103,-7.01068180291199,6.6590331051916865,56.35894254764542,24.77387606762016,-60.67002071974662,-0.03168140032829827,-0.6078003877395395,-0.42613094376977206,85.0,2.0,6.0
-3.577533264163592,-7.099109213037641,6.6233768413634415,56.57461786350216,24.597831851464317,-60.69478652356053,-0.06443450072347112,-0.4502215856309182,-0.2925710778183556,85.0,2.0,6.0
-3.4798353004490816,-7.187536623163294,6.587720577535197,56.7902931793589,24.42178763530847,-60.71955232737445,-0.09718760111864397,-0.2926427835222969,-0.15901121186693895,85.0,2.0,6.0
-3.3695633576016584,-7.285394440953322,6.779898729098983,55.107131950244735,25.587809720613254,-61.051817669873294,0.05116711053278164,-0.07331434713279547,-0.010870201123728496,85.0,2.0,6.0
-3.360292737255597,-7.3075012219591615,6.817694318069133,54.711856834278315,25.653403173066813,-60.87380493641398,0.09993283662221485,-0.009263839587382541,0.014604433046780559,85.0,2.0,6.0
-3.3510221169095367,-7.329608002965002,6.855489907039283,54.31658171831187,25.718996625520365,-60.69579220295467,0.14869856271164802,0.054786667958030395,0.040079067217289606,85.0,2.0,6.0
-3.339360764021603,-7.086138616420992,6.683271317635445,54.6787752978252,25.506611892911792,-60.672323379122936,0.07250986924203985,-0.03761284345006802,0.017722431739030795,85.0,2.0,6.0
-3.3885663676211064,-7.043351126529978,6.71607514873588,54.52689490002872,25.096963760587943,-60.94531564673133,0.15002553811098793,0.059190764490517765,0.059209686835428606,85.0,2.0,6.0
-3.4377719712206103,-7.000563636638965,6.748878979836312,54.37501450223222,24.6873156282641,-61.218307914339725,0.227541206979936,0.15599437243110356,0.1006969419318264,85.0,2.0,6.0
-3.279455232939874,-7.5639982004492365,7.0096266837394845,54.11451243586447,25.240743209392654,-61.921441035514434,0.3156571194827862,0.17925425756679852,0.1024040844332722,85.0,2.0,6.0
-3.379292660079065,-7.400692727121747,6.905510606316484,54.92448970026803,24.96842623856771,-62.12077254796542,0.36296715232728655,0.2545863841841617,0.18392290614950668,85.0,2.0,6.0
-3.4791300872182567,-7.237387253794261,6.801394528893482,55.73446696467159,24.69610926774276,-62.32010406041642,0.410277185171787,0.3299185108015248,0.2654417278657411,85.0,2.0,6.0
-3.5789675143574486,-7.074081780466773,6.697278451470481,56.544444229075154,24.423792296917814,-62.51943557286741,0.4575872180162874,0.4052506374188879,0.3469605495819756,85.0,2.0,6.0
-3.874191039006373,-6.635893981123082,6.719193199947087,56.279856170404834,24.63008047396332,-61.44060480663083,0.330902518488966,0.5737589628063902,0.4826789103387855,85.0,2.0,6.0
-3.929101651112647,-6.556737262869064,6.81403872378123,56.44281660436464,24.8858950453437,-61.56563436099778,0.20644073412628625,0.6756574994884263,0.5834856806634008,85.0,2.0,6.0
-3.98401226321892,-6.477580544615047,6.908884247615372,56.60577703832446,25.14170961672408,-61.69066391536474,0.08197894976360648,0.7775560361704625,0.6842924509880162,85.0,2.0,6.0
-4.059370786238225,-6.291742727521799,6.781189827190062,57.6758661453952,23.21309858065444,-62.15248571923665,0.029546476331875904,0.618344843233506,0.5191286309462864,85.0,2.0,6.0
-4.482966519880417,-6.8337172148259935,6.80472296641886,57.89153917243357,23.037054917629696,-62.17725152305056,-0.01412432578447842,0.7249743865378525,0.6166600926618959,85.0,2.0,6.0
-4.90656225352261,-7.375691702130188,6.828256105647661,58.10721219947195,22.861011254604957,-62.20201732686447,-0.057795127900832736,0.8316039298421988,0.7141915543775055,85.0,2.0,6.0
-5.330157987166008,-7.917666189435922,6.851789244876527,58.32288522651094,22.684967591579706,-62.226783130678456,-0.1014659300173112,0.9382334731468481,0.8117230160933921,85.0,2.0,6.0
-4.897550797738531,-6.969661423074916,6.793222149755835,60.0945391969487,21.510572596844646,-59.828060246445276,-0.19480154186530796,0.9353896797311267,0.8662878245204475,85.0,2.0,6.0
-5.314015374459344,-6.908332835542929,6.138574170020103,61.10081475541946,21.37411398058806,-59.07119348619205,-0.03940628200827151,0.8902632034433261,0.8229809588283482,85.0,2.0,6.0
-5.73047995118134,-6.847004248010768,5.483926190282509,62.10709031389309,21.23765536433108,-58.31432672593668,0.11598897784920652,0.8451367271553971,0.7796740931361258,85.0,2.0,6.0
-5.583678652549953,-8.204391706586488,6.474917048924231,61.659948279457005,21.29226754333329,-57.806716901679714,0.3030994450181284,0.9464788819702512,0.9073786281229037,85.0,2.0,6.0
-5.63431047608964,-7.588252256513805,5.726136607640733,62.561495596961066,20.305833369750204,-57.59239221753684,0.3303936969368963,0.892982158795251,1.0500365851998004,85.0,2.0,6.0
-5.684942299629328,-6.972112806441124,4.977356166357233,63.46304291446513,19.31939919616712,-57.37806753339397,0.3576879488556642,0.839485435620251,1.192694542276697,85.0,2.0,6.0
-5.778123961658338,-6.467992544347935,4.621282911516923,63.274062102970646,20.892403617190023,-56.878871240218295,0.2140828927311544,0.7403304033576878,0.8814254556311057,85.0,2.0,6.0
-5.785968436570021,-5.474610433753136,5.009935560442352,63.56739202850749,19.98106946496917,-57.41451016386282,-0.048305832549368655,0.9954406671819187,1.1445420251499094,85.0,2.0,6.0
-5.793812911481704,-4.481228323158336,5.398588209367779,63.86072195404434,19.069735312748325,-57.95014908750736,-0.3106945578298917,1.2505509310061496,1.407658594668713,85.0,2.0,6.0
-5.801657386393408,-3.487846212560713,5.787240858294312,64.15405187958201,18.15840116052488,-58.48578801115342,-0.5730832831111605,1.5056611948311056,1.6707751641882647,85.0,2.0,6.0
-5.710954502789366,-3.552714671240633,5.183414534357027,66.02750375678171,16.847387291429072,-56.20210802988134,-0.06182529293184279,1.2090170093558752,1.4506350090090228,85.0,2.0,6.0
-6.139542225567296,-3.106298884497875,4.319821089533594,66.50327001502102,16.221510178087357,-55.56844046548983,-0.08766384922149213,1.3145547863028009,1.4935779668870968,85.0,2.0,6.0
-6.568129948346445,-2.6598830977538483,3.4562276447077065,66.97903627326168,15.59563306474386,-54.9347729010965,-0.11350240551121492,1.4200925632500263,1.5365209247652925,85.0,2.0,6.0
-6.431537612191378,-2.466421366076573,4.2948667106537295,68.24131082102848,13.70148742264209,-53.0889662595406,-0.32134975192782606,1.709648459516886,1.7664078074228984,85.0,2.0,6.0
-6.827321646920023,-2.296697779040595,3.5788899955664912,69.96674508616363,12.463910136876612,-52.1494324155473,-0.13101785419240347,1.5819113856186868,1.6095568590893008,85.0,2.0,6.0
-7.223105681649792,-2.126974192004134,2.862913280477217,71.69217935130368,11.22633285110762,-51.20989857155135,0.05931404354356013,1.4541743117201245,1.4527059107552576,85.0,2.0,6.0
-7.281873280430405,-2.212113806877642,2.688769443932629,70.94687127077167,12.820000968716922,-50.53485104204179,-0.24154849942204823,1.0747430939503024,1.049765182616299,85.0,2.0,6.0
-8.004268223667053,-1.9931846686942476,2.4726928219235487,71.61888131105427,12.159210868619867,-50.08264095903439,-0.11781455929764909,1.032527970773766,1.0042747794409863,85.0,2.0,6.0
-8.726663166905753,-1.7742555305102303,2.2566161999138536,72.29089135133877,11.498420768520932,-49.6304308760257,0.005919380827101806,0.9903128475971098,0.9587843762655444,85.0,2.0,6.0
-9.449058110142401,-1.555326392326836,2.040539577904773,72.96290139162134,10.837630668423879,-49.1782207930183,0.12965332095150095,0.9480977244205736,0.9132939730902319,85.0,2.0,6.0
-8.931458654770765,-1.6699313644280482,2.172442995178369,73.21975715115886,7.065659779635615,-46.89833906156802,-0.04773779947654554,0.9310381827914664,0.8925622207822919,85.0,2.0,6.0
-9.285881414781215,-1.437452822099718,1.9634975873105331,73.67609641507578,6.580912160005772,-46.42135862333468,-0.005886617492516899,0.8342345557771192,0.7590023452937523,85.0,2.0,6.0
-9.640304174790659,-1.2049742797720486,1.7545521794432917,74.13243567899137,6.0961645403773055,-45.944378185102686,0.03596456449139279,0.7374309287630471,0.6254424698055927,85.0,2.0,6.0
-9.821577886906663,-1.7279622941144477,1.868649401223308,73.64512136974248,7.2441923187163395,-45.804052484737646,0.12349920254336003,0.559247167730669,0.45057842994392094,85.0,2.0,6.0
-9.75169186052428,-1.8277996831066663,1.9256993718500872,73.88578529872785,6.935488362112617,-45.30231305907893,0.12386312641338676,0.5858135754111562,0.4851511409347953,85.0,2.0,6.0
-9.681805834141699,-1.927637072099169,1.9827493424770288,74.12644922771392,6.626784405508016,-44.80057363341879,0.12422705028341452,0.612379983091719,0.5197238519257679,85.0,2.0,6.0
-9.752964962228896,-1.7918230090605547,1.506806385520664,74.46899634249421,5.344481930750297,-43.89012436353143,-0.15973560455735988,0.7541783252947689,0.9668815983734512,85.0,2.0,6.0
-9.774358778699977,-1.6028450618256191,1.4540352034604702,74.52449429400173,4.91685688497432,-43.60494928800066,-0.13389704588352475,0.7614567933075722,0.9999986232719502,85.0,2.0,6.0
-9.795752595171118,-1.4138671145901467,1.4012640214001264,74.5799922455094,4.489231839197126,-43.31977421246911,-0.10805848720961617,0.7687352613203958,1.0331156481705432,85.0,2.0,6.0
-9.817146411642199,-1.2248891673552111,1.3484928393399327,74.63549019701694,4.061606793421149,-43.03459913693837,-0.08221992853578101,0.776013729333199,1.0662326730690423,85.0,2.0,6.0
-9.780867919960697,-1.4532556708369473,1.4735223209970836,75.45601014151818,4.002187334445167,-42.36398525964262,-0.22525212121483157,0.7670984477133501,1.0417007893022696,85.0,2.0,6.0
-9.811532142201203,-1.0096923621202696,1.3929392826668496,75.71610108390149,3.5523521675131446,-41.70555416833275,-0.23580589724062404,0.8114970892997395,1.0810044854578935,85.0,2.0,6.0
-9.842196364441625,-0.5661290534048526,1.3123562443368448,75.97619202628407,3.1025170005824014,-41.04712307702476,-0.24635967326638647,0.8558957308860029,1.120308181613406,85.0,2.0,6.0
-9.877981958087943,-0.473669069735882,1.1080470359104548,76.06431356425281,2.689523452260859,-41.190651929129935,-0.2251876714986528,0.8321730727786631,1.1164958596466423,85.0,2.0,6.0
-9.818079728778748,-0.13208253714244833,0.7671736228238587,76.07620078558918,1.1635435328243156,-39.65538139079689,-0.29178564341498026,0.8554641646976534,1.1641698384522765,85.0,2.0,6.0
-9.75817749946972,0.2095039954500144,0.426300209738231,76.08808800692553,-0.3624363866078904,-38.12011085246821,-0.3583836153311184,0.8787552566165777,1.211843817257775,85.0,2.0,6.0
-9.72671770993107,0.04938644900466308,0.8998521066350651,74.51372271104307,0.24583429500766343,-37.50365269799054,-0.3692493433866868,0.9273000064452063,1.18325674533844,85.0,2.0,6.0
-9.723865276905233,0.7981669665821071,0.38925514466043193,74.29602375550736,-1.1252763922469489,-36.86815018792032,-0.3819866580877556,0.9072842135985448,1.18325674533844,85.0,2.0,6.0
-9.721012843879391,1.5469474841616793,-0.12134181731565263,74.07832479997106,-2.496387079505458,-36.23264767784829,-0.39472397278886046,0.8872684207518264,1.18325674533844,85.0,2.0,6.0
-9.718160410853555,2.295728001739123,-0.631938779290286,73.86062584443536,-3.867497766760071,-35.597145167778066,-0.4074612874899292,0.8672526279051648,1.18325674533844,85.0,2.0,6.0
-9.256078822704698,1.6946389152406212,-0.41637124734492503,74.71423753218475,-3.3051609598920457,-35.02581274600796,-0.3679040712051233,0.8309625351803077,1.0954360739803544,85.0,2.0,6.0
-9.450048530194083,2.1902602912791767,-0.507651154571664,73.45697061018525,-4.2490842997376195,-35.09075362773721,-0.30931241452013447,0.7279722416773011,0.8537909857840867,85.0,2.0,6.0
-9.64401823768292,2.685881667316324,-0.5989310617981435,72.19970368818932,-5.193007639580511,-35.15569450946628,-0.25072075783531234,0.6249819481745871,0.6121458975885057,85.0,2.0,6.0
-10.192313625854236,3.348436637817496,-1.7408396841449825,72.66003540602301,-5.672336415942348,-34.36812152228942,-0.3028563714549309,0.6749742961616714,0.6293075838739303,85.0,2.0,6.0
-10.313544867080669,3.2264924296721182,-1.7080359960956026,72.71553335753069,-6.099961461719541,-34.08294644675786,-0.2206096959634389,0.49446833378949623,0.2752101793932654,85.0,2.0,6.0
-10.434776108306751,3.104548221527088,-1.675232308046316,72.77103130903821,-6.52758650749552,-33.797771371227114,-0.13836302047218074,0.3139623714178343,-0.07888722508639301,85.0,2.0,6.0
-10.55600734953284,2.9826040133820566,-1.6424286199970295,72.82652926054573,-6.955211553271497,-33.51259629569637,-0.05611634498092255,0.1334564090461723,-0.4329846295660515,85.0,2.0,6.0
-10.673750443459603,2.55777913206958,-1.9599580619657784,72.90763013413931,-6.691449986570578,-33.00681152411478,0.006718393858702577,0.11575589376696074,-0.3281972535244688,85.0,2.0,6.0
-10.6780293771635,2.434408637227163,-2.0070242355192027,73.66767560533003,-6.52767440902556,-33.12149774619109,-0.0001961496507744704,-0.003974874436665721,-0.30527008849305654,85.0,2.0,6.0
-10.682308310867395,2.311038142384746,-2.054090409072627,74.42772107652075,-6.363898831480544,-33.236183968267405,-0.007110693160251518,-0.12370564264029216,-0.28234292346164436,85.0,2.0,6.0
-10.225950781020812,1.5762679688036167,-1.4117471792889953,72.1288212093838,-5.3996949011666215,-32.33036923075402,-0.10232734258807208,-0.09687649798986915,-0.4472077812158421,85.0,2.0,6.0
-10.088317762527284,1.6646953789292687,-1.170711183805816,72.3195033344752,-5.443078256307268,-32.88163799906407,-0.09796026315129702,-0.1511010749398931,-0.4377457745277327,85.0,2.0,6.0
-9.950684744033756,1.7531227890549204,-0.9296751883226368,72.51018545956657,-5.486461611447915,-33.432906767374114,-0.09359318371452197,-0.20532565188991703,-0.42828376783962335,85.0,2.0,6.0
-10.156372550829392,1.6001701792867544,-1.3837322876018388,74.7492679212999,-6.032189952535473,-32.703769634490044,0.008418799668979916,-0.25287660729055333,-0.5676608786749908,85.0,2.0,6.0
-9.949566329821282,1.6529413947255491,-1.266779906467912,74.82622107967843,-5.053787242575425,-32.87264412713515,0.08302308681643404,-0.3049176419889924,-0.6750182566808747,85.0,2.0,6.0
-9.742760108813169,1.705712610164344,-1.1498275253339851,74.90317423805698,-4.075384532615379,-33.04151861978026,0.15762737396388815,-0.35695867668743136,-0.7823756346867585,85.0,2.0,6.0
-9.535953887805055,1.7584838256031388,-1.0328751442000583,74.9801273964355,-3.096981822655331,-33.21039311242538,0.23223166111134227,-0.4089997113858704,-0.8897330126926423,85.0,2.0,6.0
-9.660658475695428,1.6595723468308632,-0.9902780411327897,74.0256693628356,-4.577317344159376,-33.96809235971816,0.13807629904830254,-0.3753529638791941,-0.8557059260582282,85.0,2.0,6.0
-9.664224016903216,1.6346129900460653,-1.0031142911995354,74.05820688038317,-3.3251265635208656,-34.820163740332625,0.2043103488453004,-0.4797989553952124,-1.0875250979635347,85.0,2.0,6.0
-9.667789558111005,1.6096536332612674,-1.0159505412662808,74.09074439793075,-2.0729357828823565,-35.67223512094708,0.2705443986422983,-0.5842449469112307,-1.3193442698688416,85.0,2.0,6.0
-9.707713606805683,1.6433381796316535,-1.1122908362767356,75.26136434842039,-2.77172564332375,-34.390371509164815,0.28202285599279986,-0.5696972459249574,-1.1623308996393855,85.0,2.0,6.0
-9.825379307718052,1.2939072943170302,-0.8676892051124072,75.67531160641562,-1.4355307275534808,-35.20733150061915,0.32860504936739127,-0.6264692872457066,-1.282061667843012,85.0,2.0,6.0
-9.943045008630419,0.9444764090024064,-0.6230875739480789,76.08925886441085,-0.09933581178321171,-36.02429149207348,0.3751872427419826,-0.6832413285664557,-1.4017924360466385,85.0,2.0,6.0
-9.86971454957144,0.8759398082313056,-0.1551679822511405,75.31465425907929,-0.46342969393344097,-34.84050809778485,0.5931244987416465,-0.996137696612276,-1.634962595001409,85.0,2.0,6.0
-9.903231488257779,0.17351244006788202,0.22920598778024812,75.14259422718858,0.8109723141220403,-36.06584234155816,0.773994383232449,-0.9757579959515889,-1.60293734838126,85.0,2.0,6.0
-9.936748426944119,-0.5289149280955416,0.6135799578116369,74.97053419529787,2.0853743221775223,-37.291176585331456,0.9548642677232512,-0.9553782952909021,-1.5709121017611107,85.0,2.0,6.0
-9.970265365630553,-1.2313422962609617,0.9979539278441181,74.79847416340665,3.3597763302366257,-38.51651082910824,1.1357341522145676,-0.9349985946301568,-1.5388868551408708,85.0,2.0,6.0
-10.216235101725752,-1.8254362789720733,1.0467524582284031,74.8725201054826,4.156026715309111,-38.28268166233294,0.9308706327524585,-1.0974770930690518,-1.3887650239545644,85.0,2.0,6.0
-9.975198839213764,-2.706857940348225,1.376215844763748,74.83848190748839,5.989674939184397,-39.021901785623285,0.689589466676018,-1.0869233253879396,-1.2159014260848484,85.0,2.0,6.0
-9.734162576701776,-3.5882796017243765,1.7056792312990932,74.8044437094942,7.823323163059682,-39.761121908913616,0.44830830059957727,-1.0763695577068275,-1.0430378282151327,85.0,2.0,6.0
-10.188060519350822,-1.4446496747727604,0.4320670932500761,73.77070970271159,7.834960475547549,-40.38350311481732,0.2708817451194506,-1.1764338391247764,-1.1214875379133527,85.0,2.0,6.0
-9.929314219607404,-2.1367786573160763,0.9103559726441725,74.06593242381116,8.47049228249277,-41.52936218464049,0.40947350194000326,-1.1218701308194672,-1.0189078012038513,85.0,2.0,6.0
-9.670567919863988,-2.828907639859392,1.3886448520382684,74.36115514491075,9.106024089437994,-42.675221254463665,0.5480652587605559,-1.0673064225141575,-0.9163280644943499,85.0,2.0,6.0
-8.843868818743998,-3.391971644668512,2.2570288279573902,75.97101158975649,9.056234576060598,-42.61399249956521,0.13921866901898575,-0.9851591943708227,-0.5249400543778707,85.0,2.0,6.0
-8.74902315185871,-3.2129774277497294,2.3376118376771657,75.50910618661969,9.532512423350205,-43.460779685233376,0.4296294928407432,-0.9345738433805735,-0.5238482761740267,85.0,2.0,6.0
-8.65417748497342,-3.033983210830947,2.418194847396941,75.04720078348291,10.00879027063981,-44.30756687090156,0.7200403166625005,-0.883988492390324,-0.5227564979701825,85.0,2.0,6.0
-8.559331818087859,-2.854988993911656,2.498777857116945,74.58529538034482,10.48506811793077,-45.15435405657215,1.010451140485083,-0.833403141399931,-0.5216647197663355,85.0,2.0,6.0
-8.737469153284179,-3.64392926938902,2.8267470657728264,71.76084482425843,9.558012849425639,-49.197079173040486,0.6141718117302527,-0.9422862442252976,-0.5738215139681305,85.0,2.0,6.0
-8.534228758692079,-3.376507642344585,3.1134229767222728,71.47024454349697,10.302810517881992,-49.61418011755916,0.5745041529244417,-0.925909695219804,-0.6022075346285052,85.0,2.0,6.0
-8.330988364099401,-3.10908601529939,3.4000988876725335,71.1796442627347,11.047608186340463,-50.03128106207901,0.5348364941185177,-0.909533146214264,-0.6305935552889604,85.0,2.0,6.0
-8.32230632965909,-1.9810349628329411,2.899929692215452,73.00550969497091,10.146750705284209,-48.35924510909901,0.12191271234132564,-1.0226652617741596,-0.6645395645403208,85.0,2.0,6.0
-8.305191448382022,-1.8883288356662775,3.0896207398837365,72.49367703811103,11.059121081870291,-49.1213960642985,0.1331943361816474,-0.9888203854848228,-0.6769129440092274,85.0,2.0,6.0
-8.288076567104905,-1.7956227084993504,3.2793117875525604,71.98184438124969,11.97149145845897,-49.88354701950017,0.14447596002200125,-0.9549755091953896,-0.6892863234781691,85.0,2.0,6.0
-8.014835253674914,-2.478808864639184,3.686665850538199,70.26932649763619,12.109173015424016,-50.24091559943345,-0.082908162813173,-1.0694551575634264,-0.8248610397994847,85.0,2.0,6.0
-7.796619311292299,-2.83537094502216,3.9148655995309114,69.98980398329319,12.70013595945424,-51.05604293402744,-0.16224345181456568,-1.1062113893482135,-0.8350508984744786,85.0,2.0,6.0
-7.578403368909066,-3.19193302540615,4.1430653485242726,69.71028146894938,13.291098903486144,-51.871170268623736,-0.24157874081618383,-1.1429676211331055,-0.8452407571495013,85.0,2.0,6.0
-7.360187426526451,-3.5484951057891267,4.371265097516984,69.43075895460638,13.882061847516368,-52.68629760321773,-0.3209140298175765,-1.1797238529178924,-0.8554306158244951,85.0,2.0,6.0
-7.6033323016297905,-3.8802377058147792,4.159778161160808,68.51318640652251,14.260473354772595,-53.932510766355215,-0.032964031905772,-1.1943459322512147,-0.8861965882167221,85.0,2.0,6.0
-7.085604068292858,-4.310251705753353,4.7488188410919125,68.28916640225026,14.423813503698227,-54.46246754583472,-0.10574869892078148,-1.175421918874996,-0.8909275915607766,85.0,2.0,6.0
-6.567875834954456,-4.740265705693149,5.337859521024692,68.06514639797736,14.587153652624323,-54.99242432531573,-0.17853336593599783,-1.1564979054987234,-0.895658594904845,85.0,2.0,6.0
-6.9293163190430205,-4.225127557505984,4.996916075823271,66.76681807196296,16.08458073716917,-54.88326947748221,-0.2618063445026127,-1.1573508747377759,-0.9256219665166519,85.0,2.0,6.0
-6.661181648785696,-4.620911439646737,5.382716284868329,65.67175551092879,16.939391451890074,-55.86888341485924,-0.3156669993334963,-1.1111326368609256,-0.8732170049307008,85.0,2.0,6.0
-6.393046978527609,-5.016695321788616,5.768516493914486,64.57669294989152,17.794202166613406,-56.85449735223907,-0.369527654164533,-1.0649143989839445,-0.8208120433446011,85.0,2.0,6.0
-6.124912308270285,-5.412479203929369,6.1543167029595445,63.48163038885736,18.649012881334308,-57.84011128961611,-0.42338830899541674,-1.0186961611070944,-0.7684070817586502,85.0,2.0,6.0
-6.224238993987847,-6.149496682819417,6.3530840939664355,64.96496276517716,17.922229770870594,-56.73157079770092,-0.1837203600297706,-0.9602777198111568,-0.7099634068237217,84.98025598749187,2.0,6.0
-6.277723247871312,-6.469689515766813,6.43509339038383,64.29846320768075,18.420718273374,-57.95161626889468,-0.1597014214883118,-0.9890276673591248,-0.7092355724202055,84.96038756236096,2.0,6.0
-6.331207501754625,-6.7898823487133,6.517102686800992,63.63196365018624,18.91920677587599,-59.17166174008498,-0.1356824829469213,-1.0177776149070115,-0.7085077380166913,84.94051913723014,2.0,6.0
-6.020112555002951,-6.456173856519729,6.350560775264889,60.605442682265725,19.30454701413893,-60.44053036013754,0.11428339773261607,-1.032589355394233,-0.5538724220841902,84.92065071209932,2.0,6.0
-5.73486286399288,-6.46045264806656,6.4817756705135565,60.35369642829795,19.767085657023124,-60.54424113551311,0.15940988832565983,-1.0395038977116366,-0.5396794117539626,84.90078228696844,2.0,6.0
-5.449613172983617,-6.464731439613376,6.612990565761851,60.101950174330895,20.229624299906003,-60.64795191088838,0.20453637891857532,-1.0464184400290208,-0.5254864014237753,84.88091386183761,2.0,6.0
-5.690895615097289,-6.7671869475607815,6.691899329909608,61.21458143525818,19.42836883988012,-59.91212744527327,0.5204213724103876,-1.1765804955825776,-0.49733189176074327,84.86104543670679,2.0,6.0
-5.016993179795168,-6.370689945913193,6.984993354567544,60.603580992753855,19.49923400368316,-60.847006900838814,0.4046937475173044,-1.1270869395599783,-0.47695219110005627,84.84117701157595,2.0,6.0
-4.343090744491129,-5.974192944264477,7.278087379226314,59.9925805502478,19.570099167486397,-61.78188635640704,0.2889661226238922,-1.0775933835372389,-0.4565724904393113,84.82130858644507,2.0,6.0
-3.6691883091890087,-5.577695942616889,7.57118140388425,59.381580107743474,19.640964331289428,-62.71676581197259,0.17323849773080896,-1.0280998275146396,-0.43619278977862413,84.80144016131425,2.0,6.0
-3.822211926308249,-5.346246354228788,7.300696338609016,57.27699377692152,20.44117950306928,-62.79016754746199,0.17378462429570046,-0.7353962851970659,-0.34794694950064464,84.78157173618342,2.0,6.0
-3.541954148139982,-5.313442666179409,7.3163851465733725,57.26586144364285,20.42424112187417,-63.52979012131596,0.0886265623143347,-0.5974693442788306,-0.28862744857737327,84.76170331105254,2.0,6.0
-3.2616963699725123,-5.2806389781301215,7.332073954537683,57.2547291103642,20.407302740679125,-64.26941269516783,0.003468500333211,-0.4595424033609872,-0.22930794765427048,84.74183488592173,2.0,6.0
-3.1944081149919095,-5.4144152520304925,7.662766795146196,55.535918421686304,20.980024082012143,-64.55257410514811,0.0531261573748764,-0.4323815875491313,-0.2746156951642351,84.72196646079088,2.0,6.0
-3.131653169236784,-5.589130599320868,7.6435124468681135,54.97212123388004,20.781333190745887,-64.6193453644561,0.10116403922616551,-0.33011912874766414,-0.21675188271752904,84.70209803566,2.0,6.0
-3.068898223481836,-5.76384594661075,7.624258098590085,54.40832404607538,20.5826422994802,-64.6861166237639,0.1492019210773181,-0.2278566699464876,-0.15888807027098745,84.68222961052916,2.0,6.0
-3.350569880544856,-5.51888550097858,7.7945896883608015,55.893936322997405,19.75724831517253,-64.24197195385578,0.1521300474641618,-0.24737738877335896,-0.14060868214115363,84.66236118539835,2.0,6.0
-3.353422384500226,-5.66721528346483,7.833098384916966,55.241353315183645,20.276908959704784,-64.53749264095961,0.16668697991353076,-0.08725112229355733,-0.06818793724507863,84.64249276026747,2.0,6.0
-3.356274888455588,-5.815545065950658,7.871607081473022,54.58877030737174,20.79656960423556,-64.83301332806262,0.1812439123628584,0.07287514418578922,0.0042328076507905646,84.62262433513665,2.0,6.0
-3.3591273924109486,-5.963874848436484,7.910115778029079,53.93618729955983,21.316230248766335,-65.12853401516563,0.19580084481218596,0.23300141066513577,0.07665355254665975,84.60275591000583,2.0,6.0
-3.576937541103121,-6.071487349472352,7.950121346551384,54.34651146919385,20.004689645804078,-65.10476314226713,0.07816432473591804,0.15310318878787696,0.03982686624007777,84.58288748487493,2.0,6.0
-3.6154462376591776,-6.111422263584406,7.948695130038467,54.73348965675453,20.09716520313126,-64.69983817736271,0.09235733506610531,0.21460623196256468,0.07330781087353122,84.5630190597441,2.0,6.0
-3.6539549342152338,-6.151357177696461,7.947268913525549,55.120467844315215,20.18964076045845,-64.2949132124583,0.10655034539629261,0.2761092751372524,0.10678875550698463,84.54315063461328,2.0,6.0
-3.642228734158172,-5.6606092573983435,7.736967902989972,56.585213600356035,19.53093795789912,-65.3154312433652,0.05571243993705687,0.4189982567841116,0.21976573199397417,84.5232822094824,2.0,6.0
-3.732795540951303,-5.5785999609811805,7.696319738240864,56.38896985645973,19.565852692262645,-65.13397603172596,0.09101300231876913,0.5037924061828382,0.27762954444051574,84.50341378435158,2.0,6.0
-3.8233623477444327,-5.496590664564019,7.655671573491755,56.19272611256343,19.600767426626167,-64.95252082008672,0.12631356470048144,0.5885865555815648,0.33549335688705734,84.48354535922076,2.0,6.0
-4.220811204209431,-5.315854323207017,7.275393270648284,57.41764750057016,19.357988210103187,-65.37528894078106,0.013930002675870468,0.6982132203568076,0.45719415844081873,84.4636769340899,2.0,6.0
-4.28356600691341,-5.32512487202753,7.26754893819168,57.85177439266084,19.010136342426733,-65.23990922581497,-0.03956672526765333,0.7451593263139294,0.484852327710434,84.44380850895902,2.0,6.0
-4.346320809617209,-5.334395420848017,7.259704605735098,58.28590128475029,18.66228447475127,-65.10452951084929,-0.09306345321102509,0.7921054322709181,0.5125104969799705,84.42394008382821,2.0,6.0
-4.4090756123210095,-5.343665969668504,7.251860273278517,58.720028176839726,18.314432607075805,-64.9691497958836,-0.14656018115439684,0.8390515382279066,0.5401686662495072,84.40407165869739,2.0,6.0
-4.594306798224274,-5.405057107656632,7.901590046681529,58.46236786854664,18.362878818540167,-62.319350442676715,-0.4357629337214129,1.1637797876514029,0.7503713997078967,84.38420323356651,2.0,6.0
-4.660627427344087,-5.193972245901453,7.863081350125472,59.65932099354556,18.183037414579157,-62.1137478921703,-0.6628510799309232,1.3297288271104803,0.8340737541389728,84.36433480843569,2.0,6.0
-4.7269480564638995,-4.982887384146274,7.824572653569418,60.85627411854447,18.003196010618133,-61.9081453416639,-0.8899392261404334,1.495677866569558,0.9177761085700491,84.34446638330483,2.0,6.0
-4.949621498693973,-5.768618089387114,7.789059459949279,59.63455872645604,18.659680317570743,-62.269109988596526,-0.41567039514434345,1.29349943724331,0.8427420599245636,84.32459795817395,2.0,6.0
-5.425988609899593,-5.685895682999861,7.115156948353212,60.03540001979064,18.602556623150928,-62.07730462589528,-0.741745720156254,1.4914737376276517,0.9570139772675996,84.30472953304313,2.0,6.0
-5.902355721105216,-5.6031732766126074,6.441254436757145,60.43624131312524,18.545432928731124,-61.88549926319404,-1.0678210451681645,1.6894480380119927,1.0712858946106352,84.28486110791232,2.0,6.0
-5.211448699740708,-4.636582800340256,7.611294493949673,61.71179785206522,17.944467288382647,-58.51944974165941,-1.455162907279291,1.785886990174253,1.090497528521237,84.26499268278144,2.0,6.0
-5.8632442777430445,-4.826986967515376,6.216423583306409,63.35128515675123,17.600249453910305,-56.486109592735474,-1.2764765555033306,1.7353016391840037,1.0475545706431635,84.2451242576506,2.0,6.0
-6.515039855745382,-5.017391134690495,4.821552672663148,64.99077246143725,17.25603161943796,-54.45276944381153,-1.09779020372737,1.6847162881937543,1.0046116127650897,84.22525583251978,2.0,6.0
-7.166835433747719,-5.207795301865615,3.426681762019885,66.63025976612325,16.911813784965616,-52.41942929488761,-0.9191038519514096,1.6341309372035049,0.961668654887016,84.20538740738894,2.0,6.0
-6.92940105203856,-4.941843785662321,4.296614109410275,65.9481766436921,17.65653489030421,-55.13665969471343,-0.5973817955549275,1.2306135518181418,0.824429964318919,84.18551898225806,2.0,6.0
-7.290241925756493,-4.696529149432076,3.875157696141616,67.39414756043884,17.180694169174274,-53.87460418323997,-0.3397240768967146,1.0526550442804619,0.7894933097512323,84.16565055712725,2.0,6.0
-7.651082799474426,-4.4512145132018315,3.453701282872956,68.84011847718557,16.704853448044336,-52.61254867176651,-0.08206635823850172,0.8746965367427819,0.7545566551835456,84.14578213199641,2.0,6.0
-7.721760786123234,-4.586906822164133,2.8874642535427455,69.81770312132238,15.367247568973744,-50.58545609434459,0.10794500298310793,0.8261566897290883,0.724842741223557,84.12591370686553,2.0,6.0
-7.920722520894784,-4.368690803487572,3.0907046481348464,69.66030885519399,15.119902178654144,-50.09061524351497,0.01769201226053374,0.8378022356885504,0.7987191841327306,84.10604528173472,2.0,6.0
-8.11968425566633,-4.150474784811014,3.2939450427269463,69.5029145890656,14.872556788334544,-49.59577439268534,-0.07256097846204043,0.8494477816480123,0.872595627041904,84.08617685660387,2.0,6.0
-8.261104117884313,-4.1761852293988895,3.507273750384001,69.24338073204994,15.575960983705532,-49.529913716412594,-0.19995317545232327,0.8017838335797941,0.8702841457893069,84.06630843147299,2.0,6.0
-8.321006347193341,-3.950124877073657,3.473756880839048,70.13384910057941,14.743360962343983,-48.917558102704646,-0.25053852167420115,0.8425432539746543,0.9175941786338072,84.04644000634218,2.0,6.0
-8.38090857650237,-3.724064524748423,3.440240011294096,71.02431746910887,13.910760940982437,-48.30520248899671,-0.301123867896079,0.8833026743695149,0.9649042114783075,84.02657158121134,2.0,6.0
-8.440810805811564,-3.4980041724225464,3.4067231417490484,71.91478583764086,13.078160919618522,-47.69284687528703,-0.3517092141181006,0.9240620947644912,1.0122142443229425,84.00670315608046,2.0,6.0
-8.540155222828323,-3.3105303950186062,2.6556914219632834,71.0956586257294,14.394381929216523,-47.96813143353848,-0.19872300909545945,0.9274288189053136,1.0545012837151724,84.0,2.0,6.0
-8.576524594242473,-3.0488138384697727,2.4132291493194606,71.78709562218873,13.592461152850065,-47.35922739606344,-0.20745717273738107,0.9135997342705454,1.0315741353730608,84.0,2.0,6.0
-8.612893965656731,-2.7870972819201945,2.1707668766749486,72.47853261865004,12.790540376481328,-46.75032335858668,-0.2161913363793276,0.8997706496357377,1.0086469870308838,84.0,2.0,6.0
-8.778939250191318,-2.5126426766683774,1.5827311579475187,74.42325013645036,9.983662279771785,-45.80765299176796,-0.24538232539693047,0.8003519340000128,0.9381226263971587,84.0,2.0,6.0
-9.12837024994686,-2.29513979657214,1.4771887556801588,74.08903913028614,9.63010156505043,-44.97466074323356,-0.21736022685569625,0.7861589236698254,0.9272049330206276,84.0,2.0,6.0
-9.477801249703395,-2.077636916475284,1.3716463534124987,73.75482812412093,9.276540850328066,-44.1416684946968,-0.1893381283143823,0.7719659133395977,0.9162872396440654,84.0,2.0,6.0
-9.827232249458936,-1.8601340363790455,1.2661039511451386,73.4206171179567,8.922980135606707,-43.30867624616239,-0.161316029773148,0.7577729030094106,0.9053695462675344,84.0,2.0,6.0
-9.336357292676492,-2.3594900099865646,1.4761131874142197,73.53615042577843,9.284404134995198,-43.81266759415847,-0.07846663692941182,0.5996991530988,0.6091391638996438,84.0,2.0,6.0
-9.697911400342178,-2.1862008063429235,1.31494711075421,73.82123909841613,8.701910963303831,-42.62773122330994,-0.032612297329844164,0.5549365846250247,0.5614652137043747,84.0,2.0,6.0
-10.059465508008895,-2.012911602698789,1.1537810340937422,74.1063277710546,8.119417791610811,-41.44279485245804,0.013242042269853843,0.5101740161511223,0.5137912635089701,84.0,2.0,6.0
-9.956650092160023,-1.9836612125858444,1.1418912030012165,74.72857608814684,7.260258287016331,-40.33787009758493,-0.07169069729152841,0.6079059449128523,0.6636558966345849,84.0,2.0,6.0
-9.88462445453344,-1.8873894688115176,0.8338215161118483,74.34994487782004,7.18048566204692,-40.18807473701989,-0.08952294073404761,0.5256592694215941,0.7015039233870225,84.0,2.0,6.0
-9.812598816906656,-1.7911177250369177,0.5257518292216045,73.97131366749214,7.100713037077285,-40.038279376454405,-0.10735518417661748,0.4434125939301021,0.7393519501395676,84.0,2.0,6.0
-10.124324562564675,-1.9128048470986987,0.6002547440142255,74.39560986140422,6.390101579722075,-41.077106111408895,0.006314876643782154,0.4663834715656774,0.5804993079612479,84.0,2.0,6.0
-9.95674014331434,-1.718121886588622,0.5988285097689264,74.42338612416435,6.261676162775781,-40.36569413936365,-0.03335276785691419,0.4711144749097321,0.7395338271566598,84.0,2.0,6.0
-9.789155724063528,-1.523438926077992,0.5974022755236235,74.45116238692457,6.133250745829121,-39.65428216731637,-0.07302041235772326,0.47584547825380014,0.8985683463525238,84.0,2.0,6.0
-9.621571304813193,-1.328755965567915,0.5959760412783244,74.47893864968471,6.004825328882827,-38.94287019527113,-0.11268805685841962,0.4805764815978549,1.057602865547936,84.0,2.0,6.0
-9.606306261464995,-1.345283388254314,0.6440625660504926,74.10095196264444,5.056509132364326,-39.35753014627004,-0.13889114808998324,0.47506916318723486,0.999867158801933,84.0,2.0,6.0
-9.510747770711635,-0.7163077870568093,0.6012751143063303,74.37212067144624,4.452842674233276,-39.09712313714478,-0.19093218278857013,0.5220152691443569,1.1126834067422144,84.0,2.0,6.0
-9.41518927995855,-0.08733218586109227,0.5584876625622897,74.64328938024727,3.8491762161039422,-38.83671612802026,-0.24297321748700915,0.5689613751013454,1.2254996546821753,84.0,2.0,6.0
-9.554152902740526,0.15496793002710435,0.3743763277434425,75.28355193902945,3.8251457040720314,-39.18958939603758,-0.16138739242598107,0.5350551723733478,1.155358962936521,84.0,2.0,6.0
-9.526340829509808,0.9978807565644237,-0.061342590102840926,75.2371535759161,2.7225536172810414,-38.124402933636205,-0.18249494447750603,0.5769063495888859,1.1418937873078712,84.0,2.0,6.0
-9.498528756279011,1.8407935831041389,-0.4970615079503626,75.19075521280261,1.6199615304869184,-37.05921647123181,-0.20360249652909104,0.618757526804543,1.128428611679183,84.0,2.0,6.0
-9.248858603668381,0.6762023423001221,0.17594405112062628,75.17040521701408,0.5583774383410837,-36.177459438646224,-0.28290323711096943,0.6898890055108701,1.2015715326724272,84.0,2.0,6.0
-9.402893675994898,1.4100071976461344,-0.2412336451070217,75.27305187305036,-0.3095727722294159,-36.16182960709373,-0.25269760347070763,0.6058227098871671,0.957015067523724,84.0,2.0,6.0
-9.556928748321855,2.1438120529942326,-0.6584113413358552,75.37569852908695,-1.1775229828023823,-36.1461997755412,-0.22249196983035996,0.5217564142632254,0.7124586023743256,84.0,2.0,6.0
-9.710963820648375,2.8776169083402445,-1.075589037563503,75.47834518512323,-2.045473193372882,-36.130569943988704,-0.19228633619009808,0.43769011863952256,0.4679021372256221,84.0,2.0,6.0
-9.72003921953992,2.9422225571349134,-1.0411295945904788,74.35929359648075,-3.413218824763234,-34.40766783468552,0.08161530459008762,0.08415709716122423,-0.2164493165686817,84.0,2.0,6.0
-9.945386528652904,2.745400199956799,-1.120286384370295,74.35094434711779,-3.42592346300598,-34.96238360159333,0.06050775253850264,0.07360332113543175,-0.23173410040889064,84.0,2.0,6.0
-10.170733837765248,2.5485778427792436,-1.199443174149886,74.34259509775485,-3.4386281012486895,-35.517099368499565,0.03940020048697765,0.06304954510966924,-0.24701888424905616,84.0,2.0,6.0
-10.70397019232538,1.3340910300471691,-1.1828226457795807,74.42435509323148,-3.310578703550677,-35.166236341659605,-0.19941801681528928,-0.04920298385091848,-0.19211853830727949,84.0,2.0,6.0
-10.602706545245717,1.1615149459098724,-1.132903970356816,74.59009861587587,-3.0505309626138954,-35.10636139697261,-0.19759839981208327,-0.10524717616517475,-0.17719768493086208,84.0,2.0,6.0
-10.501442898166342,0.9889388617730669,-1.0829852949341927,74.75584213851974,-2.7904832216778526,-35.04648645228578,-0.19577878280888247,-0.16129136847927172,-0.1622768315544871,84.0,2.0,6.0
-10.5726614672182,0.6291981826965001,-0.960635559707372,73.67364215759407,-2.818584995309634,-34.54689463324424,-0.028204062435938582,-0.10915983443596385,-0.10194476214002544,84.0,2.0,6.0
-10.363002806329124,0.7604130493349373,-0.8165844656519176,74.04670265106404,-2.7472832680145745,-35.066501261663205,-0.029295832891181896,-0.1360901618514822,-0.10740361121249235,84.0,2.0,6.0
-10.153344145440643,0.8916279159730016,-0.672533371596873,74.41976314453295,-2.6759815407197167,-35.58610789008071,-0.03038760334642211,-0.163020489266924,-0.11286246028494375,84.0,2.0,6.0
-9.943685484552162,1.0228427826110655,-0.5284822775418282,74.79282363800185,-2.6046798134248603,-36.10571451849821,-0.03147937380166232,-0.18995081668236585,-0.11832130935739514,84.0,2.0,6.0
-9.96416241400734,0.5662007460767757,-0.6460702820212235,74.83506609100739,-1.8330938824258096,-34.03286617687512,0.16058525680779276,-0.24514053816074607,-0.34396858148935444,84.0,2.0,6.0
-9.882153260641326,0.730219319837613,-0.5761841125876934,74.79342898506566,-1.5550697811687386,-34.5311563151193,0.18897127746816733,-0.27716579193345253,-0.4374968808209344,84.0,2.0,6.0
-9.800144107275312,0.89423789359845,-0.5062979431541632,74.7517918791239,-1.2770456799116672,-35.02944645336347,0.21735729812854193,-0.309191045706159,-0.5310251801525143,84.0,2.0,6.0
-9.749246744308142,1.216791700078878,-0.6277909505705396,75.45088317863667,-1.6316412595376413,-34.92807062287427,0.09507786024830803,-0.28126601840502546,-0.442602536170512,84.0,2.0,6.0
-9.763509192857438,1.159741762830538,-0.6841277778487856,75.4286730837079,-1.4947460797888414,-35.26967134614153,0.32798879851169765,-0.3467722144271857,-0.6067319650343546,84.0,2.0,6.0
-9.777771641406696,1.10269182558236,-0.7404646051268717,75.40646298877918,-1.3578509000404309,-35.611272069407825,0.5608997367744253,-0.4122784104491599,-0.7708613938977306,84.0,2.0,6.0
-9.900835770070158,1.206542889028582,-0.9839670822507716,75.90148223991632,0.1582533290952851,-35.043350456676784,1.0103913551017305,-0.8121072460600031,-1.2355709581861132,84.0,2.0,6.0
-9.885147105156948,1.1067055000360795,-0.7700298187615886,76.0588719665554,0.4055975750064077,-35.53819584699757,0.9652648406668288,-0.8714267326781598,-1.2887037735472389,84.0,2.0,6.0
-9.869458440243786,1.0068681110438609,-0.5560925552730136,76.21626169319404,0.6529418209168273,-36.033041237316944,0.9201383262320554,-0.9307462192961479,-1.3418365889082131,84.0,2.0,6.0
-9.853769775330623,0.9070307220516419,-0.3421552917844387,76.3736514198327,0.9002860668272468,-36.52788662763631,0.8750118117972819,-0.990065705914136,-1.394969404269188,84.0,2.0,6.0
-9.822839089758329,0.7842770844776454,-0.3128728164935084,74.76490425865886,2.5366477689072053,-38.317414804812834,0.585411307874017,-1.06065495714274,-1.2674465081157025,84.0,2.0,6.0
-9.781477958090276,-0.007290832391751766,0.5100725875584775,74.4853863028791,3.1276107129374293,-39.132542139406816,0.6323574138310055,-1.0759397099884902,-1.247794642156553,84.0,2.0,6.0
-9.740116826422224,-0.7988587492611486,1.3330179916104634,74.20586834709933,3.7185736569676537,-39.9476694740008,0.6793035197879941,-1.0912244628342405,-1.2281427761974033,84.0,2.0,6.0
-9.659240618488772,-1.169840122441708,0.5731805476957559,74.04109228538796,4.0271725479412,-39.823230875366875,0.4058723047403172,-1.0097759638352823,-0.9800224346061976,84.0,2.0,6.0
-9.448156042835889,-1.5877309381761913,1.0823512706567184,73.88289310859977,5.151974717739982,-41.261682413451496,0.23046125203661927,-0.9395387468858836,-0.9600066608330226,84.0,2.0,6.0
-9.237071467183005,-2.0056217539106744,1.5915219936176812,73.7246939318116,6.276776887538764,-42.70013395153612,0.05505019933292138,-0.8693015299364845,-0.9399908870598473,84.0,2.0,6.0
-9.025986891530119,-2.4235125696451574,2.100692716578644,73.56649475502341,7.401579057337545,-44.13858548962075,-0.12036085337077652,-0.7990643129870855,-0.9199751132866721,84.0,2.0,6.0
-9.210588512275375,-1.4933366729062458,2.0030101224152284,75.3074992738392,5.6555683518374655,-42.254809660021685,-0.054976301403997646,-0.7171922195661725,-0.8272029054629506,84.0,2.0,6.0
-8.970978755805868,-1.6038709403316824,1.9958788981405997,75.39274711472048,6.475900306792775,-43.006615003648925,0.15391570070152527,-0.7000878358591416,-0.8264750710594365,84.0,2.0,6.0
-8.73136899933636,-1.714405207757119,1.9887476738659704,75.47799495560174,7.2962322617480835,-43.75842034727618,0.3628077028070481,-0.6829834521521105,-0.8257472366559222,84.0,2.0,6.0
-8.754189523289027,-3.009088230224332,2.2918908914202296,75.01148949679214,7.845292615845438,-43.24243649803593,0.08641906165595438,-0.7131647339766596,-0.8428374886586384,84.0,2.0,6.0
-8.74848465723736,-2.9071114064176617,2.537918780671715,74.08773781832619,8.968621396972347,-43.79836419426345,-0.03403956032269584,-0.7269938186114279,-0.9101633143498004,84.0,2.0,6.0
-8.742779791185692,-2.805134582610992,2.7839466699232,73.16398613986023,10.091950178099257,-44.35429189049097,-0.15449818230134604,-0.7408229032461962,-0.9774891400409622,84.0,2.0,6.0
-8.412979262924347,-3.5345793034316615,2.96991896770383,74.51412861239491,9.377508297243358,-45.63843033895656,-0.18493526810289343,-0.773615803858638,-0.8526442424584526,84.0,2.0,6.0
-8.25894447670012,-3.869747646021689,3.260160552481397,74.01342373263465,10.30681821850716,-45.66095876083536,-0.1041442810881964,-0.7990904332607756,-0.9872958556938038,84.0,2.0,6.0
-8.104909690475896,-4.204915988611716,3.550402137258965,73.51271885287436,11.236128139770964,-45.68348718271415,-0.023353294073499366,-0.824565062662913,-1.121947468929155,84.0,2.0,6.0
-7.950874904251234,-4.540084331202696,3.8406437220373593,73.01201397311264,12.165438061037408,-45.706015604593006,0.05743769294142725,-0.8500396920651229,-1.2565990821648887,84.0,2.0,6.0
-8.437645454279691,-3.44086513011488,3.138028166870946,71.47125688228591,12.976100118831319,-48.15573997044481,0.03585513502798067,-0.8544843867830155,-1.1851568138114508,84.0,2.0,6.0
-8.041148452632102,-4.274507326769395,3.3968922835394126,70.53085672054361,14.244793279840907,-48.6834571030127,-0.09115410416868115,-0.9105285934022272,-1.2462959300986267,84.0,2.0,6.0
-7.644651450983385,-5.108149523426279,3.6557564002086145,69.59045655879862,15.513486440854102,-49.21117423558208,-0.218163343365704,-0.9665728000215984,-1.3074350463859763,84.0,2.0,6.0
-7.728548551764365,-4.157400252767798,3.5730506282109777,70.11576230426961,14.57354429199638,-49.594055234746556,0.017141224513516105,-1.0215143804841265,-1.4262098588470211,84.0,2.0,6.0
-7.533865743842178,-4.435518710561734,3.6215431266087608,68.99019612690246,15.723318080447482,-50.33833898718728,0.05025824941201504,-1.0953908043198135,-1.4789787330153688,84.0,2.0,6.0
-7.33918293591944,-4.713637168356461,3.6700356250066815,67.86462994953213,16.873091868901852,-51.082622739630125,0.0833752743106081,-1.1692672281557108,-1.5317476071838667,84.0,2.0,6.0
-7.278154403700024,-4.772351255756204,3.6665902562599673,68.32398631974637,16.85146794862794,-50.75009613668217,0.2141781881328668,-1.1042036947366078,-1.526537241432752,84.0,2.0,6.0
-7.03366406632842,-5.174370565753397,3.9830734868505,67.79574542924391,17.908723045062526,-51.483698431603365,0.24728015451390967,-1.1242103704568045,-1.4843412918783472,84.0,2.0,6.0
-6.789173728956817,-5.57638987575059,4.299556717441033,67.26750453874146,18.96597814149711,-52.21730072652458,0.28038212089495257,-1.1442170461770012,-1.442145342323942,84.0,2.0,6.0
-6.544683391584518,-5.978409185748926,4.616039948032464,66.73926364823751,20.023233237934704,-52.95090302144787,0.3134840872760896,-1.1642237218972546,-1.399949392769417,84.0,2.0,6.0
-5.890552838077891,-5.918279284155892,5.121142181875724,63.26260521361532,22.353871877791025,-54.3421441547595,-0.303204000742234,-0.9064594628597527,-0.9914973366490227,84.0,2.0,6.0
-5.531851284733492,-6.353998202002176,5.45702368211956,62.56008812377221,23.309626196027455,-54.5530218212327,-0.32249194100596457,-0.7474249722745699,-0.7913394844763533,84.0,2.0,6.0
-5.173149731388072,-6.789717119849698,5.79290518236435,61.8575710339271,24.265380514266614,-54.763899487706496,-0.34177988126975,-0.5883904816889356,-0.5911816323031148,84.0,2.0,6.0
-5.593072967974213,-6.505495926875261,5.473069234945479,61.39205255504773,23.0415862127968,-56.105064322204846,-0.1571530020728487,-0.6177292398879279,-0.6639623849776476,84.0,2.0,6.0
-5.364160118548152,-6.750097596186563,5.612128463842447,60.73668420788036,23.557013115567322,-56.58549179718,-0.20155164842748363,-0.5496755699584854,-0.5729815404800497,84.0,2.0,6.0
-5.13524726912144,-6.994699265498558,5.751187692739809,60.08131586071112,24.07244001833932,-57.06591927215651,-0.24595029478224473,-0.4816219000288495,-0.4820006959821932,84.0,2.0,6.0
-4.88835947549381,-6.959442113053588,5.54939204863521,59.51721505537953,24.066415799663293,-58.75956571041192,-0.15226167280830638,-0.4408374305498499,-0.4457005033136416,84.0,2.0,6.0
-4.850563886523661,-7.004368928086506,5.498047119893801,59.27382260695445,24.541657384440693,-58.30856980739719,-0.13079019386926952,-0.46885952432271266,-0.46426059099444134,84.0,2.0,6.0
-4.812768297553403,-7.049295743119552,5.446702191152247,59.030430158528695,25.016898969219444,-57.857573904381184,-0.10931871493017165,-0.49688161809565495,-0.4828206786752938,84.0,2.0,6.0
-4.774972708583254,-7.0942225581524685,5.39535726241084,58.78703771010362,25.492140553996844,-57.406578001366455,-0.08784723599113475,-0.5249037118685176,-0.5013807663560936,84.0,2.0,6.0
-4.383596417184606,-7.658435635273743,5.77961894605656,59.434648321572006,25.240090974604144,-57.05787852694068,-0.008882434229995021,-0.45182806420729543,-0.4665038047247234,84.0,2.0,6.0
-4.232414128061208,-7.731174378102047,5.9165388545799935,59.406926630440445,25.5392888963568,-56.63164386202408,-0.042363381247634245,-0.4030623428862338,-0.4319310937338492,84.0,2.0,6.0
-4.081231838937381,-7.803913120930555,6.0534587631038175,59.3792049393088,25.838486818110308,-56.205409197106256,-0.07584432826536862,-0.35429662156503366,-0.39735838274287666,84.0,2.0,6.0
-4.382042021252246,-7.454327847553309,5.928881823074879,58.40355053284873,26.377220988549652,-56.78079568943215,-0.0012179958621948447,-0.37196151269180633,-0.41406337078135375,84.0,2.0,6.0
-4.275786480404564,-7.535624034000379,5.990210553658014,57.864691966565054,25.875097880639956,-57.4587106522001,0.0016933909256938951,-0.21110740197417915,-0.228462460594755,84.0,2.0,6.0
-4.169530939556581,-7.616920220447678,6.051539284241322,57.32583340027983,25.372974772728828,-58.13662561496996,0.00460477771359091,-0.050253291256094845,-0.042861550407628735,84.0,2.0,6.0
-3.95827600798485,-8.078859260167407,6.1440145673253515,57.33883295406726,26.311203191127635,-57.230305771645085,-0.141985409157248,-0.12103701528699382,-0.0963305561800664,84.0,2.0,6.0
-4.113737157200407,-7.832118270482573,5.948618506381925,57.30554509510427,26.60193135961492,-57.17388239842278,-0.07211212863210403,-0.04825235304035592,-0.01917881419863024,84.0,2.0,6.0
-4.2691983064164045,-7.5853772807970365,5.753222445437944,57.2722572361412,26.89265952810303,-57.117459025200326,-0.002238848106761476,0.024532309206488852,0.05797292778302521,84.0,2.0,6.0
-4.4246594556319625,-7.338636291112201,5.557826384494518,57.23896937717821,27.183387696590316,-57.06103565197802,0.06763443241838249,0.09731697145312675,0.13512466976446139,84.0,2.0,6.0
-4.303160826018204,-7.3330021368832465,5.72236170184721,57.50513173696413,25.974865358431384,-57.90659095099686,-0.04490460502688368,0.1297275996614553,0.1696482020072866,84.0,2.0,6.0
-4.375186463644991,-7.220328615841159,5.565474342227766,57.67087298986362,26.234914243777343,-57.8467182808231,0.00022189033453166865,0.06131001238104963,0.10414200121675476,84.0,2.0,6.0
-4.447212101271574,-7.107655094799392,5.408586982608768,57.83661424276264,26.494963129122567,-57.786845610649515,0.045348385695818755,-0.007107574899161584,0.03863580042640904,84.0,2.0,6.0
-4.475783528285612,-6.735005917160443,5.152772391972865,58.05918729973788,26.08734426829193,-58.961483925061714,0.1665705481012263,0.06223960790644945,0.08578898354690545,84.0,2.0,6.0
-4.42515170474578,-6.820580896942713,5.169174165664075,58.28042650414505,25.919769805400975,-58.61643616505128,0.2127888145884372,0.027666889762919505,0.07632697685876919,84.0,2.0,6.0
-4.374519881206092,-6.906155876724739,5.185575939355238,58.501665708551585,25.752195342510507,-58.27138840504183,0.2590070810755168,-0.00690582838051218,0.06686497017065982,84.0,2.0,6.0
-4.323888057666404,-6.991730856506766,5.2019777130464,58.72290491295812,25.584620879620033,-57.926340645032376,0.30522534756259634,-0.04147854652394388,0.05740296348255044,84.0,2.0,6.0
-4.274805405774264,-6.754488776614901,5.6596757185026085,56.912521151637215,25.914769305604,-57.94709208253742,0.14688266934869224,0.003391600700579936,0.07406781000016463,84.0,2.0,6.0
-4.271239722409399,-6.6582170328405725,5.760939365581984,57.16147977743044,25.44799692096087,-58.028278987444565,0.0861074704122851,0.02267953619593898,0.08098235410568813,84.0,2.0,6.0
-4.267674039044534,-6.561945289066247,5.86220301266136,57.41043840322367,24.981224536317736,-58.10946589235172,0.025332271475877965,0.041967471691298025,0.08789689821121163,84.0,2.0,6.0
-4.326552498249817,-7.742842749194327,6.148405822533288,57.15081932115581,25.442536809481904,-57.91153802096886,0.05582287991708975,0.2890307103137233,0.25659405292540094,84.0,2.0,6.0
-4.297314350514164,-7.82413879259048,6.172652071732249,57.73404350328584,25.50009820226613,-57.6880728071928,-0.011139009350007443,0.3909292469960493,0.4010716205984097,84.0,2.0,6.0
-4.2680762027785955,-7.9054348359864015,6.19689832093114,58.317267685414215,25.5576595950502,-57.46460759341736,-0.0781008986169143,0.49282778367808544,0.5455491882710077,84.0,2.0,6.0
-4.377321540754214,-7.786283859802083,6.3002020273442945,57.573511652280025,26.21261968875165,-57.3446553769121,0.14336026913394567,0.3978467978543346,0.4312672890379272,84.0,2.0,6.0
-4.59625073615869,-7.719963230682083,6.382924433731784,58.380705866148766,25.93606842303457,-57.72888457918336,0.06875598198627951,0.5750774611542377,0.6015834130006588,84.0,2.0,6.0
-4.815179931562544,-7.653642601562269,6.465646840119038,59.187900080015226,25.659517157318263,-58.113113781453514,-0.005848305161174627,0.7523081244536369,0.7718995369629063,84.0,2.0,6.0
-5.0341091269663965,-7.587321972442457,6.548369246506292,59.99509429388168,25.38296589160196,-58.49734298372367,-0.08045259230862872,0.9295387877530364,0.9422156609251536,84.0,2.0,6.0
-4.986417348577807,-7.842207469531923,6.4017281909674715,60.173711517813885,24.662270537485377,-56.18879436156229,-0.07565785357494309,0.7975833522207634,0.8509498728370039,84.0,2.0,6.0
-5.283790166570701,-7.609728927204254,6.169249648639801,60.20699937677687,24.371541796793505,-56.24522000929783,-0.10440780112282955,0.90384894479574,0.9175478638266285,84.0,2.0,6.0
-5.581162984563593,-7.377250384876586,5.936771106312132,60.240287235739856,24.08081305610163,-56.301645657033376,-0.133157748670716,1.0101145373707163,0.9841458548162528,84.0,2.0,6.0
-5.439464881253852,-6.830916405800326,5.826815224940826,62.26486411602424,22.947978330733022,-55.38853365252356,-0.1187513676169867,1.3163185086688867,1.1386678438268552,84.0,2.0,6.0
-5.75965759975942,-6.199801407937129,4.956803628261929,63.321070323298656,22.375426603438623,-54.71630762408179,-0.07908372788466193,1.3141349877259623,1.1037312250219553,84.0,2.0,6.0
-6.079850318264988,-5.568686410073935,4.086792031583033,64.3772765305731,21.802874876144223,-54.044081595640016,-0.03941608815233719,1.3119514667830379,1.0687946062170555,84.0,2.0,6.0
-6.1753391925250884,-5.246567669304085,3.9178263477282735,63.29102264951221,22.934011623804384,-54.409950340461805,-0.03786463920595089,1.2820273289526043,1.0970540324041267,84.0,2.0,6.0
-6.291578387395309,-5.382774324806667,3.673224754710223,64.56012337278126,22.18118134731367,-53.94739235706248,-0.03240578894139108,1.1823123154483834,1.005709284860615,84.0,2.0,6.0
-6.407817582265198,-5.518980980308863,3.428623161692867,65.8292240960467,21.428351070825094,-53.48483437366447,-0.02694693867684679,1.0825973019444457,0.9143645373173632,84.0,2.0,6.0
-6.524056777135088,-5.655187635811059,3.1840215686755116,67.09832481931215,20.675520794336524,-53.02227639026645,-0.0214880884123025,0.982882288440508,0.8230197897741114,84.0,2.0,6.0
-6.790751926359952,-5.647713167334636,3.030728984644929,67.28138204093297,19.406507528725204,-51.6400301301958,0.00884599996284606,0.8776750775587024,0.9862907946071661,84.0,2.0,6.0
-6.939794961867017,-5.562851297522702,3.082073913386337,67.91732110495826,19.032209547463335,-51.31629889850664,-0.102150618307927,0.8998743911992766,1.1169392645319742,84.0,2.0,6.0
-7.0888379973740845,-5.477989427710767,3.133418842127745,68.55326016898357,18.657911566201474,-50.99256766681748,-0.21314723657870008,0.9220737048398508,1.247587734456782,84.0,2.0,6.0
-7.7431523462598335,-4.738832070244583,3.0242415543722023,70.39506574956559,18.44897324294943,-49.86669417200089,-0.12034567844593617,0.878841672898947,1.0885279708689444,84.0,2.0,6.0
-7.818030414230042,-4.361589447869438,2.831697990529604,70.86804891912081,17.818861243438285,-49.41793337640804,-0.1527348567219687,0.9115947709099341,1.1875151210611152,84.0,2.0,6.0
-7.89290848220025,-3.984346825494293,2.639154426687005,71.34103208867606,17.18874924392714,-48.96917258081518,-0.18512403499800129,0.9443478689209213,1.2865022712532859,84.0,2.0,6.0
-7.939086888485651,-3.67360251472788,2.443871162839704,70.73257027246784,15.276201393553244,-47.536835386278746,-0.23463045291488285,0.8660581649784056,1.2720724881668455,84.0,2.0,6.0
-7.983300450497331,-3.416164694293544,2.27985257000538,71.64246109583128,14.302470695922295,-46.76778806877456,-0.22007352046555523,0.8522290803436373,1.2385915387650204,84.0,2.0,6.0
-8.027514012509009,-3.158726873859208,2.115833977171057,72.5523519191947,13.328739998291343,-45.998740751270375,-0.20551658801622769,0.8383999957088689,1.2051105893631955,84.0,2.0,6.0
-8.071727574520814,-2.9012890534241396,1.9518153843362671,73.4622427425607,12.355009300657628,-45.229693433764005,-0.19095965556685876,0.8245709110740613,1.1716296399612751,84.0,2.0,6.0
-8.229973119968673,-3.1759646639766435,2.238107819695616,73.65513435767926,12.040746489207171,-45.24657193377058,-0.002753135923218112,0.8628655533295345,1.1900276768657048,84.0,2.0,6.0
-8.341933674091496,-3.003388637060296,2.077654881615928,73.66899520324506,11.891148949305572,-45.45969153597376,-0.01840183949833816,0.866868722270075,1.1649169719668937,84.0,2.0,6.0
-8.453894228214637,-2.8308126101434588,1.9172019435357837,73.68285604881086,11.741551409403552,-45.672811138177536,-0.03405054307350268,0.8708718912106269,1.1398062670680107,84.0,2.0,6.0
-8.617718055722307,-2.7490078895062595,1.9344517982929,75.0400565871433,10.897460550463553,-43.781256751345296,-0.0492761670927624,0.9194825077144833,1.1360422297910668,84.0,2.0,6.0
-9.029190605160409,-2.4523481910202007,1.4687816322776983,74.88266686050464,10.650115160143953,-43.28641136102593,-0.10240897291699384,0.9249413633434455,1.1040169831709177,84.0,2.0,6.0
-9.440663154598512,-2.155688492534143,1.0031114662624967,74.725277133866,10.402769769824355,-42.79156597070655,-0.15554177874122532,0.9304002189724077,1.0719917365507683,84.0,2.0,6.0
-9.261198597734856,-2.3393830754106353,1.59582345504468,75.45461144584526,8.093934631522927,-41.98262310552907,-0.05724452129354682,0.8198060203150572,1.0264814865286915,84.0,2.0,6.0
-9.405962696855822,-2.0092065693684558,1.2456794120762487,75.1426105417623,7.603479881462338,-40.8080323462528,-0.06925399056424207,0.8110718656138323,1.0348517328198443,84.0,2.0,6.0
-9.550726795976782,-1.6790300633262751,0.895535369107817,74.83060963767932,7.1130251314017485,-39.63344158697652,-0.08126345983493731,0.8023377109126073,1.0432219791109971,84.0,2.0,6.0
-9.695490895098157,-1.3488535572831564,0.5453913261383904,74.51860873359547,6.6225703813397665,-38.45885082769691,-0.09327292910566672,0.7936035562113575,1.051592225402174,84.0,2.0,6.0
-9.791804347001476,-1.2219915115133884,0.35541195684206334,75.13369459951869,5.1050013176019355,-36.885353924538734,-0.1865989993803792,0.8037192231232305,1.0944185242243716,84.0,2.0,6.0
-9.782533655725889,-0.9210530959863183,0.2234839706971638,75.07338082159517,3.9812371269291287,-36.74469453504302,-0.2761241363279296,0.8422951036506917,1.1963170418329214,84.0,2.0,6.0
-9.773262964450272,-0.6201146804583931,0.09155598455188928,75.01306704367147,2.857472936253129,-36.604035145546895,-0.3656492732757345,0.8808709841782627,1.298215559441761,84.0,2.0,6.0
-9.75069139002771,-0.7688272000419278,0.15748241655349726,74.96709056915216,2.657292998935068,-37.851284489978,-0.23755419292836183,0.8014749088414432,1.1286640604613538,84.0,2.0,6.0
-9.832700829496016,0.07622506130984273,-0.19765342481580864,75.16617651046668,2.797383950854496,-36.710186238636254,-0.42315508404147434,0.8284052434094424,1.1908949383375789,84.0,2.0,6.0
-9.914710268964559,0.9212773226640147,-0.5527892661861239,75.36526245178176,2.9374749027743228,-35.56908798729128,-0.6087559751551144,0.855335577977518,1.253125816213981,84.0,2.0,6.0
-9.951977499238637,0.4352430446834978,-0.3585389148001504,74.78832039041717,-1.5887786952288563,-34.78803860537854,-0.5553283407436836,0.8769760582427024,1.3386049509137594,84.0,2.0,6.0
-9.755155084840624,1.2510571773731856,-1.065245076298531,74.6337137524626,-1.8318891993790256,-34.10829098575025,-0.596087761138544,0.8336691734771167,1.1919438409895764,84.0,2.0,6.0
-9.55833267044261,2.0668713100628726,-1.7719512377969115,74.47910711450801,-2.0749997035291954,-33.428543366121964,-0.6368471815334044,0.7903622887115312,1.0452827310653932,84.0,2.0,6.0
-9.361510256044035,2.88268544275488,-2.4786573992973007,74.32450047655301,-2.318110207680056,-32.748795746491744,-0.6776066019283806,0.7470554039458224,0.8986216211407935,84.0,2.0,6.0
-9.790549023949264,2.4719896733560818,-1.6000992356481127,74.95644981811493,-1.6694539059043485,-33.45598406231637,0.4104514852619476,-0.009787560268049132,-0.3921777162625096,84.0,2.0,6.0
-9.76772899230637,2.6980500256813156,-2.0971468506989304,75.1749036640925,-1.8412615383504811,-33.29584082043419,0.4362900415515969,-0.07747729854160817,-0.47842754460105413,84.0,2.0,6.0
-9.74490896066341,2.924110378007192,-2.59419446575116,75.3933575100707,-2.0130691707971025,-33.13569757855156,0.46212859784131965,-0.1451670368153596,-0.564677372939844,84.0,2.0,6.0
-10.41022354616382,1.9873461382169104,-1.701340438311357,75.03209779304223,-2.7734704561719306,-32.618657485537234,0.23732759892338953,-0.29925336674982367,-0.767419560598927,84.0,2.0,6.0
-10.667661595479993,1.5701684419892628,-1.3797213663512002,75.14512189429945,-2.0815628023639663,-32.659050847582485,0.2660775417029044,-0.27996542648609307,-0.7379417616602025,84.0,2.0,6.0
-10.925099644796896,1.1529907457604291,-1.0581022943901295,75.25814599555699,-1.3896551485540352,-32.699444209627856,0.2948274844825009,-0.26067748622230763,-0.7084639627213944,84.0,2.0,6.0
-11.182537694113067,0.7358130495327811,-0.7364832224299727,75.37117009681421,-0.6977474947460709,-32.73983757167311,0.3235774272620158,-0.24138954595857703,-0.6789861637826701,84.0,2.0,6.0
-10.726674109922547,0.3300178778544029,-0.8072650318686087,75.5776796624843,-1.5876180375893492,-32.82630188952027,-0.31727917125169025,-0.13399631816963103,-0.1574274110477334,84.0,2.0,6.0
-10.536269942746884,-0.34031895991544725,-0.6931651382984417,74.9056696221998,-0.9268267930812365,-33.27851655016568,-0.23794388225007207,-0.12089507777310608,-0.11266484257383096,84.0,2.0,6.0
-10.345865775571763,-1.0106557976833923,-0.5790652447285993,74.23365958191721,-0.26603554857500145,-33.7307312108098,-0.1586085932486794,-0.10779383737661836,-0.06790227410005575,84.0,2.0,6.0
-9.560995747945265,-0.4550184162486581,-0.8170317846763697,76.1843784766089,-1.0224230236203324,-33.10535925565215,-0.1265441387537841,-0.137547737788918,-0.02982652241743061,84.0,2.0,6.0
-9.543880581757946,-0.435764058433832,-0.7671130901801184,76.3251242689981,-0.6297138256215266,-33.57198954282346,-0.10143343147071554,-0.13681989004886247,-0.04693091923753203,84.0,2.0,6.0
-9.526765415570676,-0.41650970061906073,-0.717194395684009,76.46587006138688,-0.23700462762383687,-34.03861982999344,-0.07632272418771836,-0.136092042308809,-0.06403531605758483,84.0,2.0,6.0
-9.536854870567993,-0.2790649490182665,-0.6203203350053292,74.66541503417656,-0.5461223793155323,-35.038963944074986,0.03105027574846448,-0.11519944768980132,-0.16774903238654465,84.0,2.0,6.0
-9.630274327050104,0.04540656282318095,-0.7101739841449072,74.64325950849216,-0.23845411301855096,-34.2429157415588,0.05798060316398283,-0.1119241375906701,-0.18448950708750475,84.0,2.0,6.0
-9.723693783531951,0.3698780746637061,-0.8000276332842298,74.62110398280784,0.06921415327755587,-33.446867539044874,0.08491093057942464,-0.10864882749154818,-0.20122998178841725,84.0,2.0,6.0
-9.8171132400138,0.6943495865042313,-0.8898812824235524,74.59894845712348,0.37688241957366286,-32.65081933653095,0.11184125799486647,-0.10537351739242624,-0.21797045648932972,84.0,2.0,6.0
-9.679672544914919,0.13444236729754508,-0.6764901473976538,75.06723966208123,0.5750054017260432,-34.35979126513632,0.21384110560205763,-0.20535096354973745,-0.4598439978352384,84.0,2.0,6.0
-9.82015799375247,0.3391090390508703,-0.686473875925696,75.56446111288786,1.3551531830996213,-34.180168710356924,0.25787582983767743,-0.21517689235701504,-0.5264419649831942,84.0,2.0,6.0
-9.960643442589623,0.5437757108036139,-0.6964576044537096,76.06168256369305,2.135300964470982,-34.00054615557803,0.301910554073172,-0.22500282116426473,-0.5930399321309608,84.0,2.0,6.0
-9.930595657293898,0.7924805812944447,-0.7740457930983112,74.75914442382889,0.550475214695754,-34.25464192860132,0.33474582002143854,-0.34101358810691845,-0.7989399027706909,84.0,2.0,6.0
-9.931308765550359,0.8067430656065298,-0.8253907218398654,74.9934918626416,1.7762221324227323,-34.91835729115143,0.2939864043948339,-0.4465513459806576,-0.9295883726958701,84.0,2.0,6.0
-9.932021873806816,0.8210055499185742,-0.8767356505812739,75.22783930145363,3.001969050146227,-35.582072653699655,0.2532269887683451,-0.5520891038540968,-1.060236842620678,84.0,2.0,6.0
-9.95623987512016,0.7825027507921282,-0.8823881353895726,77.559155316847,1.979521630268152,-35.910335907182606,0.29454102045178127,-0.5107177654979214,-1.0384511773608427,84.0,2.0,6.0
-9.981199231905027,0.5300567669049217,-0.8260513081113265,77.01959641029079,3.19108939455272,-36.24624769612368,0.23485759264099693,-0.5802271286724942,-1.0752074449085212,84.0,2.0,6.0
-10.006158588689823,0.27761078301843256,-0.7697144808332407,76.48003750373611,4.402657158833844,-36.582159485063805,0.17517416483038228,-0.6497364918468694,-1.1119637124560953,84.0,2.0,6.0
-10.031117945474625,0.02516479913194336,-0.7133776535551547,75.94047859718141,5.6142249231149695,-36.91807127400393,0.1154907370197676,-0.7192458550212447,-1.1487199800036691,84.0,2.0,6.0
-9.960470802546,-1.0630072348206596,-0.24669225296817116,75.65782411481288,4.775228594444415,-36.40603745597704,-0.03788164583653399,-0.7611087457769693,-1.1899623926443714,84.0,2.0,6.0
-9.811427767038932,-1.438110613116217,-0.1889291914447862,75.057201098456,6.405951708456604,-37.39693101066364,0.006517000518100918,-0.800048534118456,-1.1906902447802674,84.0,2.0,6.0
-9.66238473153187,-1.8132139914117735,-0.13116612992140123,74.45657808209911,8.036674822468793,-38.38782456535024,0.05091564687273584,-0.8389883224599427,-1.1914180969161634,84.0,2.0,6.0
-9.514863461623172,-1.874962922867064,0.028728628163378567,75.56651750802159,7.344400175330405,-37.464061541887155,0.2223852852002574,-0.72656112909317,-1.1204002546089633,84.0,2.0,6.0
-9.450682300696228,-2.306403085526589,0.3603314113671444,75.20929147957851,8.499881056069942,-38.90595790419463,0.19145180493744127,-0.72656112909317,-1.0749098514335216,84.0,2.0,6.0
-9.38650113976947,-2.7378432481848876,0.691934194569968,74.85206545113645,9.655361936806198,-40.347854266498,0.16051832467471305,-0.72656112909317,-1.0294194482582089,84.0,2.0,6.0
-9.216432531298192,-3.1132965351238258,1.4806258783590227,75.46863551570864,8.804936330571753,-37.18518525087191,-0.15005113367554135,-0.6800363375012148,-0.8718335398999525,84.0,2.0,6.0
-9.083791273058193,-3.241658933271657,1.5391020689261523,75.18076829387581,9.38319461609533,-38.555026101704634,-0.15951314036367764,-0.657473080283764,-0.8499981364575275,84.0,2.0,6.0
-8.951150014818566,-3.370021331419123,1.5975782594931158,74.89290107204381,9.961452901617267,-39.924866952533456,-0.168975147051787,-0.6349098230663773,-0.8281627330151645,84.0,2.0,6.0
-8.81850875657894,-3.4983837295665894,1.6560544500600791,74.60503385021178,10.539711187139202,-41.29470780336231,-0.17843715373989638,-0.6123465658489906,-0.8063273295728016,84.0,2.0,6.0
-9.208286669417879,-3.7963100897096207,1.7469355361489836,73.44890401931924,11.741567646255875,-42.1634527825233,0.01456399799048868,-0.483718659776094,-0.8018847333245978,84.0,2.0,6.0
-9.095613014861705,-4.0252229391356815,1.7818786208657489,72.9703592118856,12.363209301223572,-42.982029442678815,-0.0032682454520304998,-0.4855382812496431,-0.749843693857787,84.0,2.0,6.0
-8.982939360305535,-4.254135788561744,1.8168217055825135,72.49181440445196,12.984850956191268,-43.80060610283432,-0.021100488894549685,-0.48735790272319224,-0.6978026543909766,84.0,2.0,6.0
-8.8936419728105,-3.89435128352954,1.7249304256734457,73.28916403262869,14.82478930555282,-42.93217272954634,-0.2233971340777292,-0.4994401530228184,-0.6915367278347505,84.0,2.0,6.0
-8.886510606080769,-3.820186320761053,1.6885610876378951,73.0318561598567,15.278857642039222,-43.40569934087402,0.09503578828526243,-0.5267344049415862,-0.6773437175045631,84.0,2.0,6.0
-8.879379239351039,-3.7460213579925647,1.6521917496023448,72.77454828708473,15.732925978525627,-43.87922595220172,0.4134687106482541,-0.5540286568603541,-0.663150707174376,84.0,2.0,6.0
-8.883270064343913,-4.021464483108634,1.7290002234615351,72.71216358671003,14.781213141606967,-42.19027209445692,-0.1908883466552549,-0.606223679425185,-0.7596471190695345,84.0,2.0,6.0
-8.70498873805013,-4.0535552066231615,1.9094206603205015,72.2446965456948,15.249021788762304,-43.40687281772241,0.0838737688230109,-0.6178692432660404,-0.7363560271506102,84.0,2.0,6.0
-8.526707411756346,-4.085645930137689,2.0898410971794688,71.77722950467961,15.71683043591764,-44.6234735409879,0.3586358843012766,-0.629514807106896,-0.7130649352316862,84.0,2.0,6.0
-8.348426085462057,-4.117736653652308,2.270261534038948,71.30976246366309,16.184639083074305,-45.840074264256856,0.6333979997803233,-0.6411603709477846,-0.6897738433126959,84.0,2.0,6.0
-8.410190282500817,-5.562861421474522,2.395854545345332,69.31265713368923,17.668249123504157,-46.16378264867409,-0.08473410644909561,-0.8345456558526094,-0.7053136788210427,84.0,2.0,6.0
-8.222638688720469,-5.769667489894744,2.745998588313764,69.69128834401603,17.748019473960323,-46.31357573949428,0.2886512466389437,-0.8247197228730345,-0.7169592247805047,84.0,2.0,6.0
-8.035087094940122,-5.976473558314966,3.096142631282195,70.06991955434285,17.827789824416488,-46.46336883031446,0.662036599726983,-0.8148937898934598,-0.7286047707399668,84.0,2.0,6.0
-7.918096602853273,-5.915893277873464,3.349611921469264,69.93297843156284,18.827260953835143,-47.31921276394113,0.7995748576379723,-0.6978319973852142,-0.6947414332690548,84.0066881784461,2.0,6.0
-7.705585521157911,-5.804645833720732,3.476548032919344,69.13959510026474,18.78344046776646,-48.28575207058088,0.7915685370422384,-0.779350838174935,-0.7416875392260434,84.02655600157001,2.0,6.0
-7.493074439462547,-5.693398389568002,3.603484144369424,68.34621176896664,18.73961998169777,-49.25229137722062,0.7835622164465044,-0.8608696789646557,-0.7886336451830318,84.04642382469393,2.0,6.0
-7.280563357766579,-5.582150945414955,3.730420255819864,67.55282843766628,18.695799495628965,-50.21883068386312,0.7755558958507475,-0.9423885197546081,-0.8355797511401539,84.0662916478179,2.0,6.0
-7.239111716493983,-5.318339226980818,3.7843972217292072,67.92284975165435,19.46681397406711,-49.55201092256992,0.5658744032990477,-0.9852392333025408,-0.8224323673421674,84.0861594709418,2.0,6.0
-7.0936343643517805,-5.353995490809064,3.9198909103124575,67.72933450812425,19.335190505668184,-50.32329784883874,0.5029156621110557,-1.007438546943115,-0.7882235641653186,84.10602729406573,2.0,6.0
-6.948157012209166,-5.389651754637409,4.055384598896094,67.53581926459361,19.20356703726888,-51.094584775109766,0.43995692092288474,-1.0296378605837524,-0.7540147609883725,84.12589511718971,2.0,6.0
-6.644886688704313,-4.276289710226204,4.520519244631315,65.3975973378933,19.475118712155368,-54.84956666210136,1.4637655681477189,-1.0456922975794707,-0.9104010383573802,84.14576294031362,2.0,6.0
-6.549328054900078,-4.586498755636078,4.8271627497274725,65.37260415904888,19.60777901527109,-55.37606732585821,1.1315035671104234,-0.9878284803645573,-0.8685498420683558,84.16563076343752,2.0,6.0
-6.453769421095572,-4.8967078010468335,5.1338062548245,65.34761098020438,19.740439318387192,-55.90256798961655,0.7992415660721836,-0.9299646631494797,-0.8266986457792125,84.1854985865615,2.0,6.0
-5.753448778211566,-4.550574789264858,5.8228509503403565,63.42645269265913,20.072508035596606,-57.09762859714512,0.6444534227492802,-0.9498487397249331,-0.7684534155044656,84.20536640968541,2.0,6.0
-5.6336438999768115,-4.937801237323589,5.853515315631924,63.83280671945321,19.853080449995,-57.673658603553285,0.4220962640885937,-0.8363046570834349,-0.6614599596177222,84.22523423280931,2.0,6.0
-5.513839021742057,-5.325027685382319,5.884179680923491,64.23916074624726,19.63365286439339,-58.24968860996145,0.1997391054279073,-0.7227605744419365,-0.5544665037309787,84.24510205593323,2.0,6.0
-5.394034143506961,-5.712254133442149,5.914844046215147,64.64551477304249,19.41422527879116,-58.82571861637127,-0.02261805323341115,-0.6092164918001155,-0.4474730478439311,84.2649698790572,2.0,6.0
-5.389383430869062,-5.480496061372443,5.940045494019472,62.20853504982266,20.90386070037533,-57.17749894740756,-0.17048519209400087,-0.6034640965293743,-0.4844440793848912,84.28483770218112,2.0,6.0
-5.209757728964929,-5.777020776795757,5.99350543874446,61.78845776405644,21.102024896389555,-57.52583303096438,-0.22068378523360363,-0.578364788038644,-0.4920829909897656,84.30470552530502,2.0,6.0
-5.030132027060285,-6.073545492219915,6.046965383469599,61.36838047828902,21.30018909240434,-57.87416711452217,-0.2708823783733491,-0.5532654795478422,-0.4997219025946616,84.324573348429,2.0,6.0
-5.254470005741584,-5.6533781919731805,6.0577611521612384,60.71058325269832,21.699618794600728,-57.98857234352864,-0.33002270120616933,-0.5371367079406464,-0.48565202737392293,84.34444117155292,2.0,6.0
-5.056934624424623,-6.050588427568523,6.116237304581229,59.8645373390028,22.258429066817012,-57.91773105019374,-0.2277602424049928,-0.49310198370515174,-0.4368863060528614,84.36430899467683,2.0,6.0
-4.859399243107103,-6.447798663164994,6.174713457001387,59.01849142530487,22.817239339034888,-57.84688975685864,-0.1254977836035256,-0.4490672594695321,-0.3881205847316612,84.3841768178008,2.0,6.0
-4.7693469778536075,-6.651835510299144,6.195768532089542,60.86092563825274,22.45070809491617,-57.94325552137176,-0.14552588487785592,-0.5146131830588392,-0.4836756050674917,84.40404464092472,2.0,6.0
-4.641697765970178,-6.851510211989638,6.471034569076597,59.82414531903982,22.882129756292727,-58.458794385507034,-0.10440254713222683,-0.45092660716930966,-0.4239921724885055,84.42391246404863,2.0,6.0
-4.5140485540863855,-7.051184913680697,6.746300606064433,58.78736499982395,23.313551417670517,-58.97433324964377,-0.06327920938648084,-0.3872400312795992,-0.3643087399093496,84.44378028717261,2.0,6.0
-4.386399342202957,-7.250859615371189,7.021566643051488,57.750584680611034,23.744973079047075,-59.48987211377904,-0.022155871640851726,-0.3235534553900697,-0.3046253073303634,84.46364811029652,2.0,6.0
-4.428318904677116,-7.106155877842429,6.919563546448505,58.61375811183132,23.536370833138776,-59.418444358124255,0.06603784683710286,-0.04262172505243844,-0.07293902140463475,84.48351593342042,2.0,6.0
-4.404785765448249,-7.0434010751384495,6.862513609200165,59.03124106013535,23.333882773140832,-59.25484727026383,0.07768339518078382,0.043992034942235775,0.002393105212942476,84.50338375654438,2.0,6.0
-4.3812526262194496,-6.980646272434649,6.805463671951986,59.4487240084382,23.131394713143457,-59.09125018240386,0.08932894352443166,0.13060579493666383,0.0777252318303056,84.5232515796683,2.0,6.0
-4.346379320235453,-6.981959484038243,6.877953343297263,57.857268927222606,23.229399825177797,-59.32615400807944,0.1056162378079434,0.005903604964306544,-0.02308902392363268,84.54311940279223,2.0,6.0
-4.372764892192138,-6.903515870985723,6.79237850656614,58.26362180960864,23.009972811780152,-59.90219313161571,0.11180293469497164,0.08742243621751587,0.04168932786024496,84.56298722591619,2.0,6.0
-4.399150464148748,-6.825072257933425,6.706803669835262,58.66997469199353,22.790545798383132,-60.47823225515034,0.11798963158198232,0.16894126747049348,0.10646767964393848,84.58285504904009,2.0,6.0
-4.362681223941322,-6.851173680664712,6.709042434196405,57.68794545404333,23.77343454252232,-58.929225219909675,0.051733545554003155,0.30768135158211074,0.24250636235736248,84.60272287216402,2.0,6.0
-4.401903171134432,-6.784853194596047,6.6006475634384465,58.321101429384555,23.394902247295608,-58.79040302676404,0.05500885565312509,0.33424775926259803,0.2836297001029916,84.62259069528795,2.0,6.0
-4.441125118327654,-6.718532708527193,6.4922526926801805,58.95425740472757,23.016369952067826,-58.65158083361801,0.058284165752256326,0.3608141669431609,0.3247530378487376,84.6424585184119,2.0,6.0
-4.480347065520764,-6.652212222458528,6.3838578219222235,59.58741338006879,22.637837656841125,-58.51275864047239,0.061559475851378255,0.38738057462364817,0.36587637559436664,84.6623263415358,2.0,6.0
-4.894230821734913,-6.095616609321665,6.418107523220441,59.42490161933135,23.140385248300884,-60.417639511098,0.00202979634658125,0.46703421515437177,0.4084733269620341,84.68219416465973,2.0,6.0
-4.919903286105692,-6.231823407875393,6.418820631476903,60.01369197882956,23.20641526424645,-59.82435620116033,-0.05947324682828127,0.5099771730325675,0.44522957543622627,84.7020619877837,2.0,6.0
-4.945575750476396,-6.368030206428736,6.419533739733361,60.60248233832609,23.27244528019182,-59.231072891224336,-0.12097629000296896,0.5529201309106413,0.48198582391031386,84.72192981090761,2.0,6.0
-5.136137567990128,-6.128560144826949,6.511700594471979,59.29021878903722,23.44322554588104,-58.943177223818495,-0.18501176973550376,0.5996707667539012,0.5147298123181697,84.74179763403151,2.0,6.0
-5.464887835019572,-6.602074663565657,6.93529640440932,60.11962079709546,23.029779081341665,-58.985805693285755,-0.26107175012810685,0.6659048165510874,0.5937011839690182,84.7616654571555,2.0,6.0
-5.793638102048082,-7.07558918230302,7.358892214345458,60.949022805151344,22.61633261680347,-59.02843416275287,-0.33713173052049367,0.7321388663480851,0.6726725556196422,84.78153328027942,2.0,6.0
-4.7912701260780475,-6.816476288949198,6.924649081249524,62.45290086345948,22.121498959169152,-57.76892671712429,-0.9038691488408499,1.4464931987232543,1.2935531318891405,84.80140110340332,2.0,6.0
-5.246243423198067,-6.568309079323472,5.865659518259196,63.11105119305059,21.610305798157423,-57.1035924733486,-0.7160847250123621,1.3173004172746408,1.1774615848765868,84.8212689265273,2.0,6.0
-5.7012167203167925,-6.320141869698455,4.806669955271879,63.76920152263984,21.099112637147144,-56.43825822957479,-0.528300301184408,1.188107635826394,1.0613700378643631,84.84113674965121,2.0,6.0
-6.15619001743552,-6.071974660073437,3.74768039228456,64.42735185222908,20.587919476136868,-55.77292398580098,-0.34051587735645367,1.0589148543781473,0.9452784908521399,84.86100457277513,2.0,6.0
-6.397543997372016,-7.1378640152903365,5.805627689662908,64.0641489420536,21.069091189113184,-55.79853652353018,-0.04186137320675704,1.1282096526946284,0.9599987753997508,84.88087239589905,2.0,6.0
-6.399683464223969,-6.59232400674436,4.638243274987801,65.34438194376506,20.33319984694868,-54.59635146493412,0.18486286995774365,0.902577175887552,0.8697457846769202,84.900740219023,2.0,6.0
-6.401822931075917,-6.046783998199936,3.470858860316011,66.62461494547289,19.597308504786255,-53.394166406341455,0.4115871131215999,0.6769446990811164,0.7794927939543461,84.92060804214691,2.0,6.0
-6.393273085036721,-4.938124653232725,3.2964437025126654,68.11625794678734,19.62477732476361,-52.35997030656621,-0.23322561499973468,0.8026997508853155,0.823119068613297,84.94047586527084,2.0,6.0
-6.4588806041866285,-4.729892364871727,3.400559846693165,68.43735844880212,18.58501833733484,-52.18420177858125,-0.2943647360554559,0.8616553296894458,0.7961887340452212,84.96034368839481,2.0,6.0
-6.52448812333635,-4.521660076511321,3.504675990873368,68.75845895081599,17.54525934990903,-52.0084332505968,-0.3555038571110033,0.9206109084934082,0.7692583994772221,84.9802115115187,2.0,6.0
-6.982939656255128,-3.076078136105735,4.266775658792849,69.56085149676673,17.84032799282869,-52.77665302185211,0.5100852363823264,0.5553738343313667,0.6831052792640261,85.0,2.0,6.0
-7.154089463231776,-3.401975848813884,4.360194972223816,69.8015154257528,17.531624036224088,-52.27491359619196,0.11923158342746942,0.8032056176265233,0.809386664686023,85.0,2.0,6.0
-7.325239270207938,-3.727873561521108,4.453614285654517,70.04217935473817,17.222920079620366,-51.77317417053324,-0.27162206952627665,1.0510374009209755,0.935668050107661,85.0,2.0,6.0
-7.496389077184099,-4.05377127422833,4.547033599085218,70.28284328372355,16.914216123016644,-51.27143474487451,-0.6624757224800228,1.298869184215428,1.061949435529299,85.0,2.0,6.0
-7.660087538903865,-3.9593057452209304,4.584663712810981,70.90695418326202,15.851476036330611,-48.453841191331925,-0.9330273384721219,1.3129811031018388,1.2764417374261143,85.0,2.0,6.0
-7.971009551232685,-4.101930590725561,3.839448869061659,71.60952353445767,15.066493660232693,-47.10531229118668,-0.8635179896028614,1.3002437788640269,1.292090469611464,85.0,2.0,6.0
-8.281931563561502,-4.244555436230192,3.0942340253123364,72.31209288565331,14.281511284134774,-45.75678339104142,-0.794008640733601,1.2875064546262147,1.3077392017968137,85.0,2.0,6.0
-8.844684705718867,-3.9427684835120576,1.962163683563092,71.46075724520655,14.93836570700112,-48.515266361565565,-0.42016042858059965,1.1709756836049736,1.2833056417306847,85.0,2.0,6.0
-8.904587216361817,-3.883579221121976,1.774612032562286,72.21325381197833,13.717291335664338,-47.251371403070635,-0.18724949031787208,1.083270176326611,1.224713989814234,85.0,2.0,6.0
-8.96448972700477,-3.8243899587318926,1.58706038156148,72.96575037875012,12.496216964327559,-45.98747644457568,0.0456614479448556,0.9955646690482484,1.1661223378977834,85.0,2.0,6.0
-9.024392237647891,-3.765200696341641,1.3995087305601412,73.71824694552403,11.275142592987308,-44.72358148607715,0.2785723862082452,0.9078591617696364,1.1075306859811662,85.0,2.0,6.0
-9.10782467369776,-3.1851179717828395,0.9614859421904836,73.63002435336215,12.416718279783044,-44.16315704559276,0.2764461639725796,0.6149649721168935,0.8588459187814563,85.0,2.0,6.0
-9.121374014661114,-3.139478051548201,0.9329609735663944,73.7937351382741,11.129612719481479,-43.49254310821544,0.3121106484734322,0.5793004828476693,0.822817505008906,85.0,2.0,6.0
-9.134923355624464,-3.093838131313562,0.9044360049423055,73.95744592318606,9.842507159179917,-42.821929170838125,0.34777513297428475,0.5436359935784452,0.7867890912363559,85.0,2.0,6.0
-9.750119777176993,-2.60459634713396,1.04154952782593,73.86777770917169,10.560198603065613,-43.104779613825585,0.2605694932919796,0.5335146421185027,0.8021598677041566,85.0,2.0,6.0
-9.757250859592567,-2.553251418392552,1.0016145612617875,74.01206147114969,9.414224329385018,-42.5908573802445,0.17541143131085588,0.5375177934756731,0.8501977543236808,85.0,2.0,6.0
-9.764381942008141,-2.501906489651143,0.9616795946976456,74.15634523312771,8.268250055704419,-42.07693514666344,0.09025336932973216,0.5415209448328433,0.898235640943205,85.0,2.0,6.0
-9.721309172418929,-2.303877026676725,1.0846757095161559,74.7820319337448,8.647554902873045,-41.23542753251577,0.12030918448693809,0.5415075728233901,0.8135739351418686,85.0,2.0,6.0
-9.64429149320452,-1.9330524417161243,1.0140763967339324,74.84309605308374,8.22840073569813,-40.58044118913258,-0.03290254265525655,0.5869979950721891,0.8849029136803169,85.0,2.0,6.0
-9.567273813990113,-1.5622278567555243,0.9434770839517092,74.90416017242268,7.80924656852322,-39.925454845749385,-0.1861142697974512,0.632488417320988,0.9562318922187651,85.0,2.0,6.0
-9.490256134775487,-1.19140327179387,0.8728777711692851,74.96522429176177,7.390092401347118,-39.27046850236433,-0.33932599694008125,0.6779788395699161,1.0275608707574162,85.0,2.0,6.0
-9.59692688314571,-1.179069449329314,1.0764579098700344,76.41185970544825,4.8407633964270635,-38.974012441086266,-0.4528096188978342,0.7391689640082638,1.0942427036180367,85.0,2.0,6.0
-9.50279460279606,-1.0328789967537633,0.9388249104499936,76.2738924431803,4.452289084598803,-38.32247763578901,-0.3993128861860909,0.7606404429473006,1.1168059417619371,85.0,2.0,6.0
-9.408662322446148,-0.8866885441777971,0.8011919110295614,76.13592518091197,4.0638147727694385,-37.6709428304899,-0.3458161534741955,0.7821119218863986,1.1393691799059016,85.0,2.0,6.0
-9.330527601740291,0.4334500598556476,-0.06366892804612294,76.04272566394819,2.4177354825227133,-37.173327689946,-0.5131478958507633,0.7836725293415712,1.1470950464397063,85.0,2.0,6.0
-9.438922329447102,0.6751991939191484,-0.2797455691286901,75.77509037570992,1.4827183926798135,-36.45318440991736,-0.5207902722736384,0.7712991319912712,1.1219843415408948,85.0,2.0,6.0
-9.547317057153911,0.9169483279826492,-0.4958222102112573,75.50745508747166,0.5477013028369138,-35.73304112988872,-0.5284326486965135,0.758925734640971,1.0968736366420835,85.0,2.0,6.0
-9.506569175476162,0.48124160937307786,-0.3291334705662398,76.41023268462358,-6.231882833789525e-05,-36.8194586257184,-0.5584001829192081,0.5512485175808951,0.6958520277143834,85.0,2.0,6.0
-9.62494770025633,0.7807537858864771,-0.5159720211336969,75.63633093596705,-0.014239216830949511,-36.491655090257275,-0.3782581235932001,0.4329734283170866,0.50479228574068,85.0,2.0,6.0
-9.743326225036496,1.0802659623998767,-0.7028105717011539,74.86242918731054,-0.02841611483356113,-36.16385155479614,-0.19811606426719208,0.3146983390532782,0.313732543766977,85.0,2.0,6.0
-9.861704749816996,1.3797781389141275,-0.889649122269142,74.08852743865182,-0.04259301283621304,-35.83604801933408,-0.017974004940672028,0.1964232497891336,0.12267280179273075,85.0,2.0,6.0
-10.148060394718332,1.3793187487994008,-1.2307760390272446,75.45603740865694,-1.5313417062794918,-33.97156675298296,-0.4476077390799705,0.390214179814036,0.3843024615300017,85.0,2.0,6.0
-10.305661007358568,1.3835975048814548,-1.3833846148480287,75.49762449438077,-1.9801400384934391,-34.610921001029254,-0.33624719869005715,0.2242651403549584,0.1579421404852857,85.0,2.0,6.0
-10.463261619999255,1.3878762609635211,-1.5359931906692463,75.53921158010473,-2.428938370708662,-35.25027524907736,-0.22488665829982724,0.058316100895409166,-0.06841818056007365,85.0,2.0,6.0
-10.530654263128625,1.1031805105143975,-1.5532592175234128,75.99019557187107,-1.851505136777137,-33.03101724973365,0.060325650587860005,0.06861312482648585,-0.032186725317502836,85.0,2.0,6.0
-10.594122318853664,0.9491456670697133,-1.4263230774631035,75.62264212796272,-2.0851101782808303,-33.279248260170434,0.061417421043100225,0.031129017809002863,-0.07658537167213775,85.0,2.0,6.0
-10.657590374578886,0.7951108236245915,-1.2993869374024332,75.25508868405333,-2.3187152197851884,-33.52747927060793,0.06250919149834354,-0.00635508920858667,-0.12098401802689884,85.0,2.0,6.0
-10.340399270341212,0.9688564433766832,-1.2812062172240972,74.82899112893173,-1.526713900973529,-32.339519396660116,-0.03350324532296309,-0.1642994216283713,-0.2173921781494908,85.0,2.0,6.0
-10.199200711533967,1.0423082437229907,-1.1656800751038408,74.82620804561206,-1.5309476436278489,-32.52442616545878,-0.026224778502252848,-0.1843152049382896,-0.21775610421743885,85.0,2.0,6.0
-10.058002152726322,1.1157600440695075,-1.0501539329832563,74.8234249622924,-1.5351813862821804,-32.709332934257965,-0.01894631168152192,-0.2043309882482648,-0.21812003028538793,85.0,2.0,6.0
-9.916803593919076,1.1892118444158153,-0.934627790863,74.82064187897275,-1.5394151289365003,-32.89423970305663,-0.011667844860811684,-0.22434677155818317,-0.21848395635333587,85.0,2.0,6.0
-10.017829696240138,0.569552961182344,-1.0583344875780283,75.09500764012756,-1.556901120936398,-33.821551629764784,0.15819972164396,-0.30616558704573626,-0.4126234742307983,85.0,2.0,6.0
-9.95507475048501,0.4789861829991856,-0.6254680477578557,75.4042800438452,-0.8999081704956751,-34.04339792416829,0.09633275634995617,-0.3156275937338725,-0.450471493830786,85.0,2.0,6.0
-9.892319804730064,0.38841940481628456,-0.19260160793891343,75.71355244756195,-0.24291522005681965,-34.26524421857116,0.03446579105612815,-0.32508960042198193,-0.4883195134306661,85.0,2.0,6.0
-9.720820959425849,1.1869466005532416,-0.7694533603480382,75.50415280631827,-1.4189848111707415,-34.736757199577205,0.1048486019220698,-0.29645902880398284,-0.549231789618963,85.0,2.0,6.0
-9.780010078764782,0.7319733034345148,-0.7231002776912202,75.61996453574929,-0.7228433774555543,-34.592243783287046,0.1394213200655015,-0.33394313105309426,-0.5994532137217006,85.0,2.0,6.0
-9.839199198103886,0.27700000631449506,-0.6767471950342703,75.73577626518069,-0.026701943738388637,-34.44773036699649,0.17399403820903148,-0.37142723330231214,-0.6496746378245808,85.0,2.0,6.0
-9.779997571598775,0.4500502940314972,-0.8389126013347451,75.05416957293289,1.711014335087513,-35.37839065165717,0.3554614024427422,-0.22464433415863588,-0.612298920291399,84.99943804002616,2.0,6.0
-9.88340082515398,0.20330930434666303,-0.8046826242038863,75.19770299349548,2.107958419254633,-35.660114170028486,0.5323281626964876,-0.35274534924946177,-0.7171088434633007,84.97956961489533,2.0,6.0
-9.98680407870948,-0.04343168533887242,-0.7704526470729303,75.34123641405853,2.50490250342288,-35.941837688400625,0.7091949229507357,-0.4808463643406517,-0.8219187666355003,84.95970118976444,2.0,6.0
-10.090207332264683,-0.2901726750237066,-0.7362226699420715,75.48476983462113,2.90184658759,-36.22356120677195,0.886061683204481,-0.6089473794314776,-0.926728689807402,84.9398327646336,2.0,6.0
-10.144121993352899,-0.22853370739110077,-0.6299329746477176,75.44787929998982,2.557342648208377,-36.78570956353092,0.6991972540106365,-0.4954120156308481,-0.8376627266008073,84.91996433950278,2.0,6.0
-10.138417127301212,-0.10587633205517032,-0.7090897835010199,75.15727901922757,3.302139172257668,-37.202812796869125,0.9652252004833186,-0.5674688384077817,-0.9628523361286371,84.9000959143719,2.0,6.0
-10.132712261249544,0.016781043280411467,-0.7882465923540973,74.86667873846609,4.046935696304843,-37.61991603020615,1.2312531469552443,-0.6395256611845107,-1.0880419456561112,84.8802274892411,2.0,6.0
-9.71919272116261,-1.32873780531444,1.0541551839732903,73.53929665997117,3.576563174267646,-37.65387763358137,0.9765068072619054,-0.7986742225418098,-1.0093042669098833,84.86035906411026,2.0,6.0
-9.717766504649688,-0.9842987946936573,0.862324777783955,73.63289374783146,4.409602038404998,-37.850964940558065,0.9368391675294675,-0.8219653144608001,-1.1075635824007959,84.84049063897938,2.0,6.0
-9.71634028813677,-0.6398597840738534,0.6704943715951647,73.7264908356915,5.242640902539982,-38.0480522475342,0.8971715277971427,-0.8452564063797243,-1.2058228978914292,84.82062221384852,2.0,6.0
-9.714914071623852,-0.2954207734540495,0.47866396540637424,73.82008792355148,6.075679766674967,-38.245139554510345,0.857503888064818,-0.8685474982986483,-1.3040822133820624,84.80075378871771,2.0,6.0
-9.035748947506713,-2.3620547565384595,1.3225218391972546,75.03137016252293,6.772137094229381,-39.65001955507954,0.4642414331619501,-0.9766837696915597,-1.19720125666701,84.78088536358689,2.0,6.0
-8.96657574499193,-2.5638689311909486,1.821708774623024,74.97587221101524,7.199760995597393,-39.935194630611086,0.7360921716878661,-0.9675856886988435,-1.1939259397133448,84.76101693845601,2.0,6.0
-8.897402542477344,-2.765683105842865,2.320895710047375,74.92037425950774,7.627384896964192,-40.22036970614184,1.0079429102130093,-0.9584876077061533,-1.1906506227596887,84.74114851332519,2.0,6.0
-9.010612260218524,-4.287615966148272,1.9978674896103077,75.28661309473281,8.82187871702242,-41.90124183429902,1.106545169322236,-0.8407500595832247,-0.9714226397363996,84.72128008819436,2.0,6.0
-8.977808429117998,-4.38174838001259,2.3565689666617815,75.04038298837858,9.122114045697316,-42.77279250873917,0.7506281160988918,-0.7552280754827176,-0.8818975027885949,84.70141166306345,2.0,6.0
-8.945004598017562,-4.47588079387664,2.7152704437122366,74.79415288202505,9.42234937437136,-43.644343183176865,0.39471106287655927,-0.6697060913824535,-0.7923723658410445,84.68154323793264,2.0,6.0
-8.816372560023066,-4.691593153889875,3.055970955038552,72.39542489517687,10.99299131892642,-46.557198547215805,-0.1638614073073194,-0.5515115956741875,-0.6249995638841681,84.66167481280182,2.0,6.0
-8.773585213183077,-4.288677924091734,2.8192136956691973,72.14924935806704,11.46399858974032,-46.29110260376436,-0.2668517103470692,-0.5595178983885508,-0.6144457783216326,84.64180638767094,2.0,6.0
-8.730797866343211,-3.885762694294737,2.582456436300516,71.90307382095789,11.93500586055288,-46.02500666031367,-0.36984201338652634,-0.5675242011028914,-0.6038919927591269,84.62193796254012,2.0,6.0
-8.688010519503345,-3.4828474644977394,2.345699176931835,71.65689828384873,12.40601313136544,-45.758910716862985,-0.47283231642598333,-0.5755305038172319,-0.5933382071966212,84.60206953740929,2.0,6.0
-8.781791277903782,-3.3825064853161457,2.4673708010915587,71.79783423569253,13.638296605671057,-45.69370913459477,-0.07873759458253463,-0.6222787951418824,-0.6715861774552342,84.58220111227838,2.0,6.0
-8.605649558085826,-3.5443856814829906,2.515863227963768,71.35257273819539,13.969211789691752,-46.568709134593966,-0.09438629815765469,-0.6994305371233186,-0.7247189928162087,84.56233268714757,2.0,6.0
-8.429507838267872,-3.706264877649835,2.5643556548359774,70.90731124069823,14.300126973712448,-47.44370913459318,-0.1100350017327747,-0.7765822791047547,-0.7778518081771834,84.54246426201675,2.0,6.0
-8.405316708950092,-3.960930651547896,2.737834558379364,72.23390769983953,14.51478201618718,-48.157300302667345,-0.1037188785732209,-0.7390575876931951,-0.7867154376900793,84.52259583688587,2.0,6.0
-8.271249230770286,-4.214802874448056,3.265546502958962,71.36008781458642,15.202017657666044,-48.797866480034926,-0.15102891141772135,-0.7779973927239824,-0.7805287479556262,84.50272741175505,2.0,6.0
-8.137181752590473,-4.468675097348216,3.7932584475385607,70.48626792933332,15.889253299144912,-49.4384326574025,-0.19833894426222176,-0.8169371977547698,-0.7743420582211727,84.48285898662422,2.0,6.0
-8.237953845309736,-4.7235817838698875,3.7764625014760633,71.30859753627628,14.954108365525993,-47.303553974339614,-0.05985811202828912,-0.7035893510811699,-0.6679878367987984,84.46299056149334,2.0,6.0
-8.144534388827886,-4.71145865927044,3.8313730420567618,71.2253233243928,15.510157712449319,-48.30013875217074,0.0060120108811968775,-0.6850292634003701,-0.6880036296454599,84.44312213636249,2.0,6.0
-8.051114932346039,-4.699335534670995,3.8862835826374615,71.14204911250934,16.06620705937264,-49.29672353000187,0.07188213379068287,-0.6664691757195703,-0.7080194224921214,84.42325371123168,2.0,6.0
-7.95769547586419,-4.68721241007155,3.941194123218161,71.05877490062588,16.622256406295964,-50.293308307832994,0.13775225670016883,-0.6479090880387706,-0.7280352153387829,84.40338528610084,2.0,6.0
-7.310918699928058,-4.476377034309539,3.202013305375,68.46249909567375,17.831443466404977,-50.35126915141768,0.3040016297017556,-0.980361461237249,-1.0771311772543,84.38351686096996,2.0,6.0
-7.089850165077185,-4.605452466133152,3.415950607010548,67.80986153769094,18.180332741001823,-51.78443657084996,0.3760584477101129,-1.13320925672356,-1.2303429043964946,84.36364843583915,2.0,6.0
-6.868781630226312,-4.734527897956765,3.6298879086460953,67.15722397970814,18.52922201559868,-53.21760399028226,0.4481152657184702,-1.286057052209871,-1.3835546315386893,84.34378001070833,2.0,6.0
-6.914767160135932,-4.468447864196554,3.4300544098543866,66.99720487779254,18.986765641916108,-52.666728510327566,0.4927285756664304,-1.2464412002547187,-1.3713004460852487,84.32391158557742,2.0,6.0
-6.610976228434548,-4.929839275023771,4.073292477480754,65.9160031718609,19.691977128731875,-53.865459742015936,0.27000751396009,-1.1376281433090172,-1.2708576264900031,84.30404316044661,2.0,6.0
-6.307185296733164,-5.391230685850989,4.716530545107123,64.83480146592926,20.39718861554764,-55.0641909737043,0.04728645225374961,-1.0288150863633152,-1.1704148068947575,84.28417473531577,2.0,6.0
-5.986375139984845,-6.5556525019864065,6.060650699779874,67.69636189930881,20.60549623671825,-52.46958202576482,-0.2781529546515148,-0.7240862294824543,-0.885077902411332,84.26430631018489,2.0,6.0
-5.942161434922018,-6.3887814883452005,5.674850490734816,65.60337300770917,21.60946848098003,-53.65735149597858,-0.23484607942267233,-0.713532461801342,-0.852324804400345,84.24443788505408,2.0,6.0
-5.897947729859193,-6.2219104747039955,5.289050281689756,63.5103841161095,22.61344072524181,-54.845120966192354,-0.19153920419382983,-0.7029786941202297,-0.819571706389358,84.22456945992326,2.0,6.0
-5.853734024796241,-6.055039461062315,4.9032500726436,61.417395224503885,23.617412969506447,-56.032890436409495,-0.14823232896486435,-0.6924249264390876,-0.7868186083782778,84.20470103479235,2.0,6.0
-5.6639158617051715,-6.94637897444888,5.74927157887603,61.727019715616464,22.974980055800785,-57.06799448108183,0.11515124928828216,-0.9958635683093845,-1.0523642083866445,84.18483260966154,2.0,6.0
-5.250303724864727,-6.692506618034316,5.441201853839689,60.89761541874221,23.388425948134397,-57.02536146735658,0.29638507497171107,-1.1246924085650043,-1.1768259832125807,84.1649641845307,2.0,6.0
-4.836691588024283,-6.438634261619752,5.133132128803348,60.068211121867975,23.801871840468,-56.98272845363135,0.47761890065514,-1.2535212488206247,-1.3012877580385176,84.1450957593999,2.0,6.0
-5.243927848804603,-6.538038239641836,5.0794699921500905,59.744452539654255,25.37487769240705,-57.67669441436891,0.5056209741081265,-1.3454266792594332,-1.3411875443772607,84.12522733426901,2.0,6.0
-4.4024413375749,-7.091422715349339,6.063581396568141,58.95106463071943,25.331057773774585,-58.64322921966588,0.36514656881955776,-1.0994145065606824,-1.0787988000232511,84.10535890913819,2.0,6.0
-3.5609548263451964,-7.644807191056845,7.047692800986191,58.15767672178461,25.28723785514212,-59.60976402496286,0.22467216353098923,-0.8534023338619315,-0.816410055669242,84.08549048400734,2.0,6.0
-3.5207900095632163,-7.043685306864493,6.297690442262005,58.7062945857643,25.091253548890617,-58.68101153122608,0.4510599605145969,-1.436655483841326,-1.376961807899714,84.06562205887647,2.0,6.0
-3.356771416728893,-7.301836304026123,6.8396649295662,57.500989867747805,25.258390885621424,-59.441329829565234,0.2741932193343378,-0.914425488114262,-0.9038614889914528,84.04575363374563,2.0,6.0
-3.192752823894569,-7.559987301187753,7.381639416870394,56.29568514973133,25.425528222352227,-60.201648127904384,0.09732647815407873,-0.392195492387198,-0.4307611700831916,84.02588520861481,2.0,6.0
-3.02873423105978,-7.818138298350116,7.92361390417613,55.090380431711424,25.592665559083503,-60.961966426245695,-0.07954026302668293,0.13003450334135036,0.04233914882641421,84.00601678348393,2.0,6.0
-2.908360429022712,-8.008723021508654,8.132001315376417,55.266829024831054,25.24584076468158,-62.58403549177216,-0.035137156356655326,-0.128007319558728,-0.14280139490137245,84.0,2.0,6.0
-3.0231734134891606,-7.878221226693709,7.975827199241917,55.0456443896689,25.584187169710567,-61.791434326001394,-0.12757368933081442,0.08597961128824531,0.0377045865437759,84.0,2.0,6.0
-3.137986397955935,-7.7477194318783935,7.819653083106971,54.82445975450612,25.922533574740523,-60.99883316022838,-0.22001022230523623,0.29996654213582685,0.2182105679894372,84.0,2.0,6.0
-3.716120379312364,-7.725315427754955,6.420429597507653,53.43479651523747,27.23564025627665,-60.74789226069655,0.0704174883520263,0.4629931800644625,0.38364358239313817,84.0,2.0,6.0
-3.765325911386294,-7.547034387563468,6.267821021686868,54.056874724160245,27.010942094198,-60.21104369654909,0.08351872874851402,0.43497107675485663,0.35926072173260737,84.0,2.0,6.0
-3.814531443460364,-7.368753347371472,6.115212445865651,54.6789529330848,26.786243932118705,-59.674195132400094,0.09661996914503895,0.4069489734451711,0.3348778610720073,84.0,2.0,6.0
-3.8637369755342936,-7.190472307179984,5.962603870044866,55.30103114200757,26.56154577004005,-59.13734656825264,0.10972120954152668,0.37892687013556525,0.3104950004114765,84.0,2.0,6.0
-4.003882825915369,-6.491975454616627,5.406189160227664,55.94111791685562,25.95987622821704,-60.09057456744718,0.19536792231559047,0.08263902378078156,0.1384413104246081,84.0,2.0,6.0
-4.028842254225811,-6.290874532985379,5.48463291156296,56.54376913145639,25.876306987646807,-59.71041541827652,0.21392800999644296,0.017860671996903915,0.09185912181825584,84.0,2.0,6.0
-4.053801682536183,-6.089773611354703,5.563076662898032,57.14642034605546,25.792737747076817,-59.33025626910693,0.2324880976772428,-0.0469176797867896,0.04527693321203602,84.0,2.0,6.0
-3.993205892940829,-6.495810023188911,5.493397384796808,56.58655262598869,25.578072013389704,-60.6145629382656,0.12174611969208828,-0.0706419482003456,-0.012881950824131974,84.0,2.0,6.0
-4.015302696129132,-6.525034881472881,5.837679763946886,56.434738985394354,25.168610076439393,-60.88743111377194,0.08246026678303589,-0.0509990217458194,-0.002332971780180996,84.0,2.0,6.0
-4.037399499317499,-6.554259739756934,6.181962143097942,56.28292534479957,24.75914813948792,-61.16029928927905,0.04317441387387182,-0.03135609529123736,0.008216007263799964,84.0,2.0,6.0
-3.845701317821196,-5.939559103389612,6.238573057474251,56.76527245321115,24.476114561773905,-61.79300866854277,0.059351347219083354,0.12153616388176997,0.11510157307651123,84.0,2.0,6.0
-3.8036269379002734,-6.29968685760071,6.685702001870816,56.524658534906926,24.955591604925324,-61.15710141909266,-0.035996572244941266,0.35117178399874854,0.29451576909075233,84.0,2.0,6.0
-3.7615525579792335,-6.659814611812832,7.132830946268653,56.28404461660202,25.435068648078108,-60.52119416964075,-0.13134449170923687,0.5808074041163799,0.47392996510550334,84.0,2.0,6.0
-3.719478178058312,-7.01994236602393,7.5799598906652195,56.0434306982978,25.914545691229527,-59.88528692019065,-0.22669241117326147,0.8104430242333586,0.6533441611197445,84.0,2.0,6.0
-3.95146022319604,-6.864574795387266,6.879205652256969,56.43498867227175,23.722715553459047,-61.603588526763055,-0.1370203624701517,0.7206848162686562,0.6113415397981047,84.0,2.0,6.0
-3.962870167491945,-7.114168224953176,7.207242837926548,56.60908144189489,23.995467933830668,-60.98900009444986,-0.17850762233503903,0.8498776167907564,0.7092369236331328,84.0,2.0,6.0
-3.9742801117878175,-7.363761654518381,7.535280023595195,56.783174211517526,24.268220314201518,-60.3744116621384,-0.2199948821998084,0.9790704173124892,0.8071323074678826,84.0,2.0,6.0
-4.640608726996554,-7.825617865954144,7.242770280305296,59.59111225920963,23.583286982625587,-59.513536064466805,-0.24335842381350703,1.2282527843748496,1.1024637512455076,84.0,2.0,6.0
-5.075614563484211,-7.4961544794178625,6.864101418915404,60.78533688384573,23.56998207077368,-58.35519591553879,-0.38492460499664194,1.2842970100677067,1.2061818794500536,84.0,2.0,6.0
-5.510620399970632,-7.16669109288252,6.485432557526589,61.97956150847843,23.556677158921808,-57.19685576661406,-0.5264907861793745,1.3403412357604048,1.309900007654305,84.0,2.0,6.0
-5.18381945550627,-7.346750845713831,6.5784899804226304,62.53064793175123,22.067167990741247,-58.29196937711571,-0.411410786259718,1.356259655322764,1.3147166606445235,84.0,2.0,6.0
-5.614546498657734,-6.705652060314024,5.867505178177184,63.1721542794069,21.70134035402283,-57.59842003019252,-0.504939085591298,1.2838389151952663,1.295064794685374,84.0,2.0,6.0
-6.04527354181042,-6.064553274912393,5.156520375929716,63.813660627064394,21.335512717303374,-56.904870683267355,-0.5984673849231438,1.2114181750675628,1.2754129287261688,84.0,2.0,6.0
-6.476000584961885,-5.423454489512586,4.4455355736842685,64.45516697472006,20.969685080584956,-56.21132133634416,-0.6919956842547237,1.1389974349400651,1.2557610627670193,84.0,2.0,6.0
-6.15954031533512,-7.125005995010094,5.552188353857546,64.45685612116026,22.037828053786807,-54.48842007983039,-0.46600660520981263,1.1452299985802883,1.2160198609759945,84.0,2.0,6.0
-6.322845788663072,-6.843321996901639,5.03945203336095,65.31681629572248,21.50019106800696,-53.634732030512325,-0.409598490776415,1.0648029622947324,1.2458615868023155,84.0,2.0,6.0
-6.48615126199056,-6.5616379987939855,4.526715712865811,66.17677647028223,20.96255408222864,-52.7810439811967,-0.35319037634317774,0.9843759260094052,1.275703312628552,84.0,2.0,6.0
-6.761374282821475,-5.836366257751906,3.7433928906470375,68.23776905136873,18.216614962745112,-50.91594551792795,-0.24511186189166156,1.0171928930229988,1.316180642990453,84.0,2.0,6.0
-7.029509086593966,-5.076175751768993,3.3939620434783935,68.32098869400805,17.489793673681206,-51.05700963726721,-0.36484263963237146,0.9582373285239838,1.286338917164132,84.0,2.0,6.0
-7.297643890365696,-4.315985245788239,3.044531196310743,68.40420833664713,16.762972384619367,-51.19807375660608,-0.48457341737274107,0.899281764025136,1.2564971913378955,84.0,2.0,6.0
-7.492250006412725,-3.803376632484521,2.822733877865297,71.78466422546414,16.10294853559148,-49.776696546798554,-0.4024624640366152,0.8962397280097859,1.2528765622375635,84.0,2.0,6.0
-7.5621361758464545,-3.7948191203203887,2.7663970505870505,71.83465058315313,15.837628501563866,-48.723688352826784,-0.34714611596064165,0.8354645195364627,1.1753608933683952,84.0,2.0,6.0
-7.632022345279986,-3.786261608156281,2.7100602233089646,71.884636940842,15.572308467537008,-47.67068015885802,-0.29182976788482523,0.7746893110633125,1.0978452244994472,84.0,2.0,6.0
-7.701908514713514,-3.777704095992172,2.6537233960308786,71.93462329853085,15.306988433510147,-46.61767196488925,-0.2365134198090089,0.7139141025901623,1.0203295556304992,84.0,2.0,6.0
-8.121569192335308,-2.3573489255891333,2.257118350152564,72.64564892935356,13.374201377473073,-47.67835889686053,-0.6490215706172429,0.5755497384506568,0.7739045804457271,84.0,2.0,6.0
-8.149380981847917,-2.610508105276403,2.346258870248308,72.56869577097501,12.395799811922204,-47.50948667396029,-0.5736894344631366,0.6257711625533944,0.750249564023477,84.0,2.0,6.0
-8.177192771360527,-2.8636672849636726,2.435399390344052,72.49174261259648,11.417398246371336,-47.340614451060056,-0.4983572983090303,0.6759925866561318,0.7265945476012265,84.0,2.0,6.0
-8.25182379219636,-2.4591244226452487,2.2115653169852605,73.21453193795614,11.618891460662356,-45.42580434482999,-0.3615633452890401,0.6833762187342354,0.7725005256111267,84.0,2.0,6.0
-8.504982895589682,-2.635266066169258,2.290722106764852,73.65979343545331,11.28797742105084,-44.55080205601242,-0.4525441802498949,0.7248634738306333,0.8394624244147766,84.0,2.0,6.0
-8.758141998983008,-2.8114077096932686,2.3698788965444426,74.10505493295047,10.957063381439324,-43.675799767194874,-0.5435250152107496,0.766350728927031,0.9064243232184266,84.0,2.0,6.0
-9.318106581782148,-3.8450125669986943,2.079829089525109,72.20730578159072,13.71326027373642,-43.503912738595446,-0.7603996967881098,0.729745645585881,0.8238093727348316,84.0,2.0,6.0
-9.355902170752406,-3.5875747465636265,1.9272205137038916,72.8412121078859,11.791810231008096,-42.569440234931534,-0.6908903479186517,0.7071823883684302,0.8503757804153944,84.0,2.0,6.0
-9.393697759722556,-3.33013692612929,1.7746119378831071,73.47511843417927,9.870360188285234,-41.63496773127028,-0.6213809990493911,0.6846191311510433,0.8769421880958816,84.0,2.0,6.0
-9.431493348692706,-3.072699105694954,1.622003362062323,74.10902476047262,7.948910145562372,-40.70049522760902,-0.5518716501801305,0.6620558739336567,0.903508595776369,84.0,2.0,6.0
-9.578395688314618,-2.6219285409272914,1.0320491141092039,74.66190751912113,9.807647015487188,-40.29465641726395,0.1822730535046977,0.554613720393049,0.721372588773286,84.0,2.0,6.0
-9.684651086111153,-2.335252572757386,0.9101048678172003,74.73404940011014,9.23465816203312,-40.037694156064234,0.1589819615857736,0.5193131484745935,0.6751543127494634,84.0,2.0,6.0
-9.790906483907689,-2.0485766045874807,0.7881606215251972,74.80619128109917,8.66166930857905,-39.78073189486452,0.13569086966684943,0.4840125765561381,0.6289360367256407,84.0,2.0,6.0
-9.599938905882514,-2.387698597182031,1.0357915225863197,75.55548770875741,7.999947585286312,-38.891767530091,0.4311065739036327,0.5404999234385096,0.6014164145523475,84.0,2.0,6.0
-9.6719642574068,-2.524618505705466,0.9758890977740573,75.62762958974643,7.426960982503629,-38.63480982745452,0.42455595787771394,0.5459587790674719,0.6399922760063225,84.0,2.0,6.0
-9.743989608931086,-2.6615384142289007,0.9159866729617949,75.69977147073543,6.853974379720948,-38.377852124818034,0.4180053418517952,0.5514176346964342,0.6785681374602974,84.0,2.0,6.0
-9.946104914843968,-3.240421404581022,1.2251707145722655,75.68280874880462,6.725708171412637,-39.88450575770869,-0.14823896554037047,0.5885458689661627,1.0826214298624584,84.0,2.0,6.0
-9.851972634494324,-3.0371809336949767,1.2301625788362722,75.18007567080218,6.1078637042501125,-39.29629294337817,-0.20137177613297352,0.7191943388909705,1.2951526531593844,84.0,2.0,6.0
-9.757840354144674,-2.833940462808931,1.2351544431002788,74.67734259279969,5.490019237087589,-38.70808012904765,-0.2545045867255766,0.8498428088157786,1.5076838764563103,84.0,2.0,6.0
-9.663708073795032,-2.6306999919228846,1.240146307364286,74.17460951479721,4.872174769925064,-38.119867314717126,-0.3076373973181796,0.9804912787405866,1.720215099753236,84.0,2.0,6.0
-9.847736633687049,-2.725558366278835,1.038791404446171,75.72886349726545,4.746044941045147,-36.35672751113909,-0.23387115511401432,0.7967734887640258,1.4378452837684212,84.0,2.0,6.0
-9.802096570401265,-2.3597256178660815,0.9660527283750701,75.55001402903443,3.092677478888448,-35.407837130280576,-0.30956720861888926,0.9023112657109513,1.61434810282954,84.0,2.0,6.0
-9.756456507115479,-1.9938928694533289,0.8933140523039693,75.3711645608034,1.4393100167317483,-34.45894674942206,-0.3852632621237643,1.007849042657877,1.7908509218906588,84.0,2.0,6.0
-8.975525966392764,1.157078513286038,-1.3727450435467807,74.78405877850028,-1.4806017943394232,-34.564225887406316,-0.35738897669264347,1.096462956694734,1.8670036451786929,84.0,2.0,6.0
-8.871409888969763,1.506509398600662,-1.5788379733866813,74.94498647472814,-2.771942126369499,-34.07851875697463,0.012357155203992887,0.797317963866637,1.4000900022958167,84.0,2.0,6.0
-8.767293811546761,1.8559402839152852,-1.7849309032265817,75.10591417095603,-4.063282458399574,-33.59281162654295,0.3821032871006293,0.4981729710385399,0.9331763594129407,84.0,2.0,6.0
-8.663177734123465,2.205371169230902,-1.991023833067068,75.26684186718438,-5.35462279043332,-33.10710449610988,0.7518494189983165,0.1990279782095926,0.4662627165287376,84.0,2.0,6.0
-8.989468682729814,3.965143563166989,-2.62391077041122,75.67178866134054,-4.807210949594305,-33.20666153317403,0.4181738055117485,0.3122304961858676,0.6659007048659359,84.0,2.0,6.0
-9.532156251393872,3.9501679355062502,-2.1254368781997592,75.51161585555454,-5.058792351419028,-32.8967229307268,0.581939293182498,0.11498405911329306,0.3205374693926172,84.0,2.0,6.0
-10.07484382005947,3.9351923078454702,-1.626962985986882,75.3514430497681,-5.310373753244464,-32.58678432827869,0.745704780853713,-0.08226237795984204,-0.02482576608168308,84.0,2.0,6.0
-9.175472101081885,4.634443519666345,-2.99665417892811,74.86437494448217,-4.493074979490058,-30.660006703865367,0.2673446487863152,-0.12729978238009568,-0.7932531886751111,84.0,2.0,6.0
-9.634010919440842,3.48916596229434,-2.3912116358988755,74.19514803103063,-3.8280488106674206,-30.92731228781898,0.20693338150579155,-0.12366054837369413,-0.7550412350351617,84.0,2.0,6.0
-10.0925497378011,2.34388840491908,-1.78576909286792,73.52592111757718,-3.163022641842893,-31.194617871773357,0.14652211422509617,-0.1200213143672822,-0.7168292813951038,84.0,2.0,6.0
-10.660416447928318,2.812582810475123,-1.2860764275854868,73.9317118277958,-4.086582038475395,-31.1528345971692,-0.42462620313254695,-0.03209383220633207,-0.3055730059740238,84.0,2.0,6.0
-10.383724210074567,2.115860474660327,-1.2497070895499363,74.25484052805184,-3.579188888146267,-31.587800493775248,-0.38641425902934073,-0.04410330266912022,-0.2437060406801958,84.0,2.0,6.0
-10.107031972220028,1.419138138843551,-1.2133377515142825,74.57796922830882,-3.0717957378156964,-32.02276639038253,-0.34820231492602594,-0.056112773131942496,-0.18183907538619196,84.0,2.0,6.0
-9.830339734366275,0.7224158030287549,-1.176968413478732,74.90109792856487,-2.564402587486568,-32.45773228698859,-0.30999037082281966,-0.06812224359473065,-0.11997211009236396,84.0,2.0,6.0
-10.20184794250254,0.6595366212176104,-1.3334440483786771,74.61377058901904,-2.6883409147210564,-32.88682738524861,-0.2636372055911104,-0.05746986162832093,-0.18110984224097984,84.0,2.0,6.0
-10.044960439832396,0.699471571092452,-1.1922454418877169,74.17686289706387,-2.344722216601252,-33.207113869012964,-0.2119600882434401,-0.07566602718998042,-0.19129969733969487,84.0,2.0,6.0
-9.888072937161805,0.739406520967407,-1.0510468353963551,73.73995520510745,-2.00110351848047,-33.52740035277824,-0.16028297089562296,-0.09386219275169162,-0.20148955243843897,84.0,2.0,6.0
-9.834153785290937,0.6136116142083834,-1.0607859350920428,74.35163859809768,-2.275328460815148,-33.01579068877803,0.0111431868191253,-0.1566703695829258,-0.4484231421469244,84.0,2.0,6.0
-9.874801806988897,0.7120227737236748,-1.0301215888739617,74.52016065086242,-2.0110458337096753,-32.77100896575579,-0.01433144735138376,-0.1737747664029786,-0.5215717312810744,84.0,2.0,6.0
-9.915449828686972,0.8104339332392457,-0.9994572426557933,74.68868270362763,-1.7467632066034515,-32.52622724273286,-0.039806081521965214,-0.19087916322308,-0.5947203204154319,84.0,2.0,6.0
-9.878991350226574,0.10930561294390873,-1.0488023682529153,75.06150990227394,-2.8871999418554024,-33.75578820077763,0.15059133499532656,-0.22159687142888623,-0.6766488217172043,84.0,2.0,6.0
-9.887548649006051,0.13355183830094236,-1.0965816851550323,75.56429753044729,-2.098583532554362,-33.20635208932793,0.16769573181537936,-0.23979303341426705,-0.6922975181397669,84.0,2.0,6.0
-9.896105947785559,0.15779806365804488,-1.1443610020572854,76.06708515862209,-1.30996712325108,-32.65691597787667,0.1848001286354808,-0.25798919539969956,-0.7079462145623742,84.0,2.0,6.0
-9.904663246565038,0.1820442890150785,-1.1921403189594026,76.56987278679549,-0.5213507139500395,-32.10747986642698,0.2019045254555336,-0.2761853573850803,-0.7235949109849367,84.0,2.0,6.0
-9.80113089931762,0.14544358927996692,-1.1823944912788305,75.69372565882279,0.6654459207334777,-33.99258851280736,0.34751235149089443,-0.46297756526683265,-0.8182629772464685,84.0,2.0,6.0
-9.733384198076951,0.10051676471017797,-1.044048381888304,75.42255239145777,1.269112378864527,-34.252997791677494,0.4297590269823864,-0.4782623538754132,-0.803342114333308,84.0,2.0,6.0
-9.665637496836473,0.05558994014051666,-0.9057022724981711,75.15137912409352,1.8727788369938607,-34.51340707054688,0.5120057024736446,-0.4935471424839503,-0.7884212514201897,84.0,2.0,6.0
-9.685988684952065,-0.4117626667717576,-0.7896074824809357,74.75419692686275,1.7325140268097377,-34.928361340904466,0.42678535900416414,-0.47387774582364933,-0.7785751788906233,84.0,2.0,6.0
-9.748743630707013,-0.3333190012673734,-0.45301282458329256,75.42823966673032,2.6188771707298297,-35.08689022197732,0.3798392530471756,-0.5277383958861614,-0.8204263561061615,84.0,2.0,6.0
-9.811498576462137,-0.2548753357627662,-0.11641816668469283,76.10228240659977,3.505240314652441,-35.24541910305062,0.3328931470900536,-0.5815990459488265,-0.8622775333218186,84.0,2.0,6.0
-9.527717660715512,-0.21884491796234487,-0.3361320052114899,76.25587863091116,2.5267801818452167,-35.80117978413924,0.07911841266404555,-0.6142317643476228,-1.0107665686026759,84.0,2.0,6.0
-9.66677688961248,-0.7101875388115073,-0.34754199480689274,76.16709282044066,3.2451316985681964,-36.029924672444686,0.07657094799529708,-0.5898488941503489,-0.9831083993331392,84.0,2.0,6.0
-9.805836118509843,-1.2015301596620664,-0.358951984402328,76.0783070099699,3.9634832152932176,-36.2586695607508,0.0740234833265414,-0.5654660239530057,-0.955450230063524,84.0,2.0,6.0
-9.944895347406813,-1.6928727805112287,-0.37036197399773085,75.98952119949939,4.681834732016196,-36.487414449056246,0.07147601865779296,-0.5410831537557318,-0.9277920607939872,84.0,2.0,6.0
-10.034340192636275,-1.057013691194895,0.455336714813195,75.05494532425008,6.8234944484653,-37.98082591660638,-0.04854746243002276,-0.6378501121272242,-0.9681940855497384,84.0,2.0,6.0
-9.913822061379939,-1.6767186625095691,0.5237966404648776,74.97723727542945,7.388011278910726,-38.60759719498894,0.028968206439145605,-0.7171853915920992,-0.9762004061454951,84.0,2.0,6.0
-9.793303930123944,-2.2964236338224824,0.5922565661163656,74.89952922660902,7.952528109354549,-39.23436847336972,0.10648387530809365,-0.7965206710567486,-0.984206726741229,84.0,2.0,6.0
-9.835888017756783,-1.4793987887209907,-0.27974795531301766,74.97135732679699,6.98153202040743,-37.36073204651474,-0.22402934327659807,-0.8543112450143062,-0.9634831166720947,84.0,2.0,6.0
-9.673295644862181,-1.917970184595862,0.3485145263776497,74.58362199812194,8.431976508935623,-38.56130051270359,-0.22548503875670917,-0.8845168786546541,-0.9227237153506048,84.0,2.0,6.0
-9.510703271968042,-2.3565415804694863,0.9767770080665313,74.19588666944799,9.882420997459697,-39.761868978889034,-0.22694073423681607,-0.9147225122949159,-0.8819643140292307,84.0,2.0,6.0
-9.490040368069522,-2.7613002519121417,1.1063486946195085,74.04217667741845,9.386621675677178,-40.710198863171215,0.547809939710216,-0.8191345390589747,-0.9444591565072158,84.00066382445809,2.0,6.0
-9.421580270756465,-3.047263119649511,1.4186970985507763,73.69329991502764,10.554807176778068,-41.59737942042391,0.4972245887198226,-0.8122199967415709,-0.9240794391571703,84.02053224958895,2.0,6.0
-9.353120173443596,-3.333225987386067,1.731045502481156,73.3444231526378,11.72299267787564,-42.48455997767408,0.44663923772957326,-0.8053054544241869,-0.9036997218071827,84.0404006747198,2.0,6.0
-9.284660076130733,-3.6191888551226232,2.043393906411536,72.99554639024798,12.891178178973208,-43.37174053492424,0.39605388673932385,-0.7983909121068026,-0.883320004457195,84.06026909985064,2.0,6.0
-9.001566770704066,-3.096298009408668,2.1475656831913223,73.1759668643407,12.133098626516395,-41.7815856509212,0.007502395807678696,-0.9075426626630446,-1.082048242163015,84.08013752498152,2.0,6.0
-8.89887691322125,-3.1633316769729998,2.11404881364637,72.22443892549879,13.384853387257444,-43.04892535734094,-0.143525789082931,-0.9799633837170557,-1.1380924297087407,84.10000595011233,2.0,6.0
-8.796187055738432,-3.23036534453733,2.0805319441014176,71.27291098665687,14.636608147998494,-44.31626506376068,-0.2945539739735407,-1.0523841047710667,-1.194136617254466,84.11987437524316,2.0,6.0
-8.185154901216324,-5.280835046917403,2.427199791801119,72.16857672434237,13.46422742287434,-45.681933570660405,-0.39546815029474214,-1.0503634667664064,-1.1641847300118748,84.13974280037398,2.0,6.0
-8.220097773740651,-4.939248514323968,2.3409117783427007,72.11029568891897,13.887615331810704,-46.152010894574886,0.006303204381327254,-1.1380689931185048,-1.2602605032511964,84.15961122550486,2.0,6.0
-8.25504064626488,-4.597661981731505,2.254623764884527,72.05201465349573,14.311003240745867,-46.62208821848804,0.4080745590562548,-1.2257745194703535,-1.3563362764902447,84.17947965063571,2.0,6.0
-8.28998351878911,-4.256075449139043,2.168335751426353,71.99373361807251,14.734391149681027,-47.09216554240118,0.8098459137311824,-1.3134800458222027,-1.4524120497292932,84.19934807576652,2.0,6.0
-7.831650192875864,-5.566458444307092,2.908244508307155,68.50048899509564,17.737556324610306,-49.94251264021717,0.7551336916422857,-1.5970482642333388,-1.3096213346074956,84.2192165008974,2.0,6.0
-7.7845840527010415,-5.735468797395317,3.1022143493103966,68.68008881427883,17.848007097849344,-50.09575729773351,0.8945163305734333,-1.5981400247048008,-1.33800735526787,84.23908492602823,2.0,6.0
-7.737517912526218,-5.904479150483542,3.2961841903136375,68.85968863346201,17.958457871088378,-50.249001955249845,1.033898969504581,-1.5992317851762632,-1.3663933759282447,84.25895335115905,2.0,6.0
-6.490456453206872,-5.497908849382582,4.654055926706316,65.48401047373625,20.44672948482041,-53.52195864977815,-0.08255339590292604,-1.49049044003357,-1.0034078177577668,84.27882177628993,2.0,6.0
-6.382774692419006,-5.922930860185418,4.790975835229752,64.66011665965009,20.69787261607628,-54.24716327013881,0.06993047746424483,-1.4657436810957567,-0.9309870633251544,84.29869020142077,2.0,6.0
-6.27509293163114,-6.347952870988254,4.927895743753186,63.83622284556392,20.94901574733216,-54.97236789049949,0.22241435083141567,-1.4409969221579435,-0.858566308892542,84.31855862655158,2.0,6.0
-5.561810675171118,-5.73587651320875,5.3605545416972396,64.73555204527484,19.6550593913093,-54.02449098410871,0.4472207402677608,-1.3725834796080154,-0.9202342215331949,84.33842705168246,2.0,6.0
-5.154616766480081,-5.998306303705338,5.951021384348069,64.66062708037012,20.22381225233173,-54.466355455543855,0.5483914231747733,-1.2870615050444947,-0.7659307184968361,84.3582954768133,2.0,6.0
-4.7474228577890445,-6.260736094201925,6.541488226998898,64.58570211546541,20.792565113354165,-54.908219926979,0.6495621060817858,-1.2015395304809735,-0.6116272154604774,84.37816390194413,2.0,6.0
-4.34022894909801,-6.523165884698512,7.131955069649729,64.51077715056068,21.3613179743766,-55.350084398414154,0.7507327889887982,-1.1160175559174528,-0.45732371242411873,84.39803232707494,2.0,6.0
-4.637408744348448,-6.797303983802226,6.751540972330349,60.44059932044197,21.306709485198663,-60.7142859276574,0.31424674212002707,-1.1307666049689324,-0.5142952975499573,84.41790075220582,2.0,6.0
-4.321494685663431,-6.6318591710277195,7.053192583658199,59.658346055061834,21.279827947761248,-60.94120269859226,0.19815520464454672,-0.8705614124032512,-0.35052980987920773,84.43776917733666,2.0,6.0
-4.005580626978416,-6.4664143582532105,7.3548441949860495,58.87609278968168,21.25294641032384,-61.16811946952711,0.08206366716906636,-0.6103562198375699,-0.18676432220845823,84.45763760246749,2.0,6.0
-3.9325508985906144,-6.685714780780396,7.685247020411208,60.20303681530023,21.952789679486372,-60.53139857489548,0.1635128059103237,-0.7085516006530569,-0.2487920551217697,84.47750602759837,2.0,6.0
-4.053068820038259,-6.352685720416929,7.5176627537487635,59.80219552196564,22.0099139413424,-60.72320393759672,0.08272181889562666,-0.4629033500734464,-0.1676371555246755,84.4973744527292,2.0,6.0
-4.173586741485903,-6.019656660053462,7.350078487086317,59.40135422863104,22.06703820319843,-60.91500930029797,0.0019308318809296288,-0.2172550994938358,-0.08648225592758138,84.51724287786001,2.0,6.0
-4.038830210402439,-6.699319534225772,8.001970130179009,58.57878422602099,20.312122487807223,-62.070935062261455,0.1582355660469505,-0.037691561722546056,-0.044350716985943416,84.53711130299091,2.0,6.0
-4.112995030119779,-6.507489013596064,7.63898993608754,58.346467255196,20.63352995851006,-62.01795643696396,0.1491374850542601,-0.030413094901835813,-0.03998363695312192,84.55697972812173,2.0,6.0
-4.187159849837119,-6.315658492966356,7.276009741996074,58.11415028437102,20.95493742921289,-61.964977811666465,0.1400394040615697,-0.023134628081125576,-0.03561655692030041,84.57684815325254,2.0,6.0
-4.26132466955467,-6.123827972336102,6.913029547903577,57.88183331354538,21.27634489991664,-61.91199918636882,0.13094132306885345,-0.015856161260394654,-0.031249476887466508,84.59671657838342,2.0,6.0
-4.428868359095924,-5.9273264646442785,6.891924549603843,59.55895360090886,20.70904615825324,-61.78801443994983,0.04392273778135057,-0.01928784764421406,-0.032862300858168325,84.61658500351427,2.0,6.0
-4.488770869738875,-5.853161644926939,6.892637657860302,59.13590447523786,20.903065037189837,-62.32142054499084,0.1272611891667728,-0.005822683936493152,-0.05906478165114377,84.63645342864508,2.0,6.0
-4.548673380381996,-5.778996825209388,6.893350766116762,58.71285534956565,21.097083916126977,-62.854826650033374,0.21059964055243197,0.007642479771266024,-0.08526726244419366,84.65632185377596,2.0,6.0
-4.628060321801181,-5.706881127527246,6.845180749132352,58.06610425347149,20.857613858426983,-63.044692712635154,0.22503343832750125,0.05303045916811583,-0.0539039759476479,84.6761902789068,2.0,6.0
-4.663716585629427,-5.786751098802503,6.963559416963665,58.45308469170355,20.950088280881733,-62.63977228722048,0.21557143163939188,0.11780881095180935,0.009418682591112879,84.69605870403761,2.0,6.0
-4.699372849457773,-5.8666210700779855,7.081938084795315,58.840065129936725,21.042562703336745,-62.23485186180466,0.2061094249512556,0.18258716273568695,0.07274134113005362,84.71592712916849,2.0,6.0
-4.659994691686801,-6.163217645555977,7.216705986970406,57.28568493509447,21.41339099877567,-61.29617429272196,0.09956876886232253,0.1418093848798554,-0.02723146427093071,84.73579555429934,2.0,6.0
-4.611502193289019,-6.119003940493151,7.351486565583564,58.09844074869236,21.145309486324745,-61.31058993593712,0.026056257609032463,0.33032167201957646,0.11761002552080768,84.75566397943014,2.0,6.0
-4.563009694891236,-6.074790235430325,7.486267144196722,58.91119656229025,20.87722797387381,-61.32500557915229,-0.047456253644257616,0.5188339591592976,0.26245151531254607,84.77553240456099,2.0,6.0
-4.514517196493316,-6.030576530367374,7.621047722810266,59.723952375890455,20.609146461422124,-61.3394212223675,-0.12096876489775663,0.7073462462995546,0.40729300510469607,84.79540082969187,2.0,6.0
-4.69418967476416,-5.992131901293174,7.045874158114612,59.81498167712771,20.08291139814782,-61.44007630033619,0.2037707564306288,0.42184517418731754,0.2748698616161071,84.81526925482268,2.0,6.0
-4.880315048604322,-5.746817265062928,6.67718896982149,59.615954844547325,20.113590683674072,-61.44352786911851,0.1495461794806049,0.5353892663655588,0.35129376889600583,84.8351376799535,2.0,6.0
-5.066440422445014,-5.501502628831986,6.30850378152732,59.41692801196638,20.144269969200405,-61.44697943790085,0.09532160253042682,0.648933358544123,0.4277176761761218,84.8550061050844,2.0,6.0
-5.010926848266962,-5.849561325603529,6.933755474623836,61.44181642607616,19.423780576452796,-61.0281989612168,-0.031454713430825315,0.6284179594120025,0.40388061261919217,84.87487453021522,2.0,6.0
-5.191347208831984,-5.801068827205746,6.798975039061824,61.61863542632014,19.529995900854555,-61.366352685886895,-0.07803690203704515,0.6036711814007031,0.3558427355364112,84.89474295534606,2.0,6.0
-5.3717675693975195,-5.752576328807824,6.66419460349943,61.795454426564625,19.63621122525661,-61.70450641055796,-0.1246190906433974,0.5789244033893333,0.30780485845349365,84.91461138047694,2.0,6.0
-5.334406156725626,-4.50318537605922,5.7646903898750255,62.161302669943446,18.865340286212096,-57.856735091180234,-0.5533250438720647,0.501660415845592,0.305760782553162,84.93447980560777,2.0,6.0
-5.4727522756525016,-4.667203968893545,5.978627691510574,62.545497768820056,18.95358039470201,-57.6367214536377,-0.5984515392333518,0.5402362963730531,0.31413101990361825,84.95434823073859,2.0,6.0
-5.611098394579771,-4.831222561728334,6.192564993146728,62.92969286769775,19.041820503192167,-57.41670781609456,-0.6435780345947671,0.578812176900624,0.3225012572540983,84.97421665586947,2.0,6.0
-5.749444513506648,-4.995241154562658,6.4065022947822765,63.31388796657436,19.130060611682083,-57.19669417855202,-0.6887045299560542,0.6173880574280853,0.33087149460455456,84.99408508100029,2.0,6.0
-5.9704265392692015,-5.916615576367086,6.513207361833295,62.74235505413337,19.01863377377101,-59.76073701288896,-0.6373347854771436,0.8609686363322403,0.5140594665104146,85.0,2.0,6.0
-6.1651094997792795,-5.9358699246451145,6.0667915369435645,62.70355559896753,19.471665275540616,-58.93647141840729,-0.5641861963429937,0.981063317118264,0.6148662272982868,85.0,2.0,6.0
-6.359792460289909,-5.955124272923197,5.620375712052565,62.6647561438016,19.92469677731152,-58.11220582392328,-0.49103760720863615,1.1011579979046289,0.7156729880864454,85.0,2.0,6.0
-6.178740028614144,-6.475894169693621,6.6919081970531975,63.15462495569368,18.82647502896228,-56.89133492041237,-0.4698262017132758,0.9606605802121717,0.5694535079462898,85.0,2.0,6.0
-6.4560192911566165,-6.237106099015128,6.020450524934668,64.12995340112737,18.9849074172678,-55.89358490515449,-0.3774316876294976,1.0054027877392915,0.6938587298852636,85.0,2.0,6.0
-6.733298553699877,-5.998318028335955,5.348992852814229,65.10528184656383,19.14333980557377,-54.89583488989378,-0.28503717354545666,1.0501449952665387,0.8182639518245908,85.0,2.0,6.0
-7.01057781624235,-5.759529957657461,4.677535180695699,66.0806102919975,19.30177219387929,-53.898084874635884,-0.1926426594616784,1.0948872027936587,0.9426691737635648,85.0,2.0,6.0
-7.014180825348266,-5.386622073099256,4.30343936528144,65.8417671553366,18.980043681815435,-54.90559827423569,-0.39136955123171285,1.1001868953293714,0.9010397187515886,85.0,2.0,6.0
-7.051263306732615,-5.234726607248131,4.2635043105023085,66.23709685962203,19.085222743705284,-53.94595754242232,-0.3105785642167863,1.0656141843383988,0.9021314969554358,85.0,2.0,6.0
-7.0883457881168574,-5.082831141397438,4.223569255723294,66.63242656390634,19.19040180559484,-52.98631681061167,-0.22978757720208923,1.0310414733475246,0.9032232751592798,85.0,2.0,6.0
-7.2128310874021295,-4.91200560341264,4.070170895565565,68.77351914075683,15.704594193529104,-51.391553800167166,-0.10532348841830672,0.9603182082083923,1.075323065870256,85.0,2.0,6.0
-7.372570886901951,-4.937678067783418,3.900447308529104,69.15493340162182,15.788599425386568,-51.356442384780905,-0.06347230643427808,0.9726915876773344,1.1284558478527806,85.0,2.0,6.0
-7.532310686401317,-4.963350532154122,3.7307237214931255,69.53634766248574,15.87260465724379,-51.32133096939474,-0.021621124450368383,0.9850649671462408,1.181588629835154,85.0,2.0,6.0
-7.738903891070421,-4.76773956826132,3.3807421609592008,70.01592381096538,15.631706210147229,-50.986958647798254,-0.233003979891676,0.9457474729594216,1.3001556655007545,85.0,2.0,6.0
-7.912193037494096,-4.266413236168065,3.208166134042364,70.74899792290528,14.551760226258423,-49.87975993258616,-0.2846810924711216,0.9522980889853587,1.3471017571527617,85.0,2.0,6.0
-8.085482183917279,-3.765086904076236,3.035590107126017,71.48207203484309,13.471814242372687,-48.7725612173772,-0.3363582050504203,0.9588487050112776,1.3940478488046355,85.0,2.0,6.0
-8.25877133034046,-3.263760571984407,2.8630140802096697,72.2151461467809,12.391868258486952,-47.66536250216825,-0.38803531762971893,0.9653993210371962,1.4409939404565093,85.0,2.0,6.0
-8.187828751891645,-3.4966754405323184,2.7971858525472744,72.18792885867487,13.054907091225555,-47.3112535652611,-0.2584592382180565,0.9526014207115736,1.4492374181659347,85.0,2.0,6.0
-8.316904183715257,-2.8783966700861034,2.5925191807945303,72.35998889056557,11.780505693521636,-46.08592161030616,-0.30031042020196624,0.903835699390512,1.4106615376384735,85.0,2.0,6.0
-8.445979615538871,-2.260117899639888,2.387852509041787,72.53204892245628,10.506104295817716,-44.86058965535121,-0.34216160218587593,0.8550699780694505,1.372085657111012,85.0,2.0,6.0
-8.388376375153836,-2.299527641882524,2.3113542230674944,73.202192224347,8.589157620385102,-44.262196931365,-0.10616348448448625,0.8352316603013491,0.9680831849324398,85.0,2.0,6.0
-8.513173156693993,-1.8195950094353073,2.07958885746646,72.87906352409004,8.081763363792327,-43.82722874593935,-0.18768231573769556,0.8567031392404468,0.9396971642719844,85.0,2.0,6.0
-8.637969938233798,-1.3396623769894547,1.8478234918660847,72.55593482383398,7.57436910720099,-43.39226056051494,-0.26920114699067316,0.8781746181794838,0.9113111436116099,85.0,2.0,6.0
-9.039459242298738,-1.2261035764659245,1.7533316904769207,74.81148473238746,8.017797727039866,-43.7603129856111,-0.3805590569342488,0.8258399467572304,0.8827270672216606,85.0,2.0,6.0
-9.171387390568649,-1.298129142567138,1.7504791865215512,74.92804680323424,7.171020764757957,-42.82015383643936,-0.390021063622385,0.8218367778166785,0.8878219786777783,85.0,2.0,6.0
-9.303315538838179,-1.3701547086681467,1.7476266825661895,75.0446088740807,6.3242438024784535,-41.8799946872703,-0.3994830703104944,0.8178336088761381,0.8929168901338818,85.0,2.0,6.0
-9.435243687107713,-1.4421802747691554,1.744774178610828,75.16117094492714,5.47746684019895,-40.93983553810122,-0.4089450769986038,0.8138304399355974,0.8980118015899854,85.0,2.0,6.0
-9.72674494196536,-1.301909293839575,0.8454608844814653,75.92414769697686,5.793750450582294,-42.218776724302806,-0.3181783053265377,0.8370033194675793,0.9524005090864847,85.0,2.0,6.0
-9.75455673147797,-1.3775004717798751,0.6315236209928903,76.1786770205545,5.335447800131051,-41.93015690084726,-0.14240333050369952,0.8006109954968178,1.0633971273572576,85.0,2.0,6.0
-9.782368520990582,-1.4530916497201751,0.4175863575043154,76.43320634413216,4.877145149679807,-41.64153707739171,0.03337164431913864,0.7642186715260562,1.174393745628031,85.0,2.0,6.0
-9.726159907465998,-1.9018124290369076,0.320025750151296,75.43957475343295,4.013713616527238,-40.50725080023049,0.1401870814595891,0.7182717104910904,1.3754840746292687,85.0,2.0,6.0
-9.681946059352024,-1.8055406471156084,0.2330245885760577,75.73851972260992,3.2816195003169666,-39.53543179998722,0.13727569496972358,0.7066261466502349,1.4056897082695308,85.0,2.0,6.0
-9.63773221123805,-1.709268865194309,0.14602342700081947,76.0374646917869,2.549525384106695,-38.56361279974397,0.13436430847985803,0.6949805828093794,1.4358953419097926,85.0,2.0,6.0
-9.90546167089938,-0.6937053066246921,0.1824435824621004,74.72464560459613,-1.1115936019804595,-37.07357649740951,0.06532530310470079,0.8274396673083348,1.4584001156412822,85.0,2.0,6.0
-9.916158579134953,-0.17027207908461803,0.26801849548716816,74.90151690434013,-0.8346063354393971,-36.274076756807375,-0.038756775829216175,0.8325345787644529,1.4194603272996849,85.0,2.0,6.0
-9.926855487370492,0.35316114845396845,0.3535934085119926,75.07838820408361,-0.5576190688991216,-35.47457701620752,-0.1428388547628373,0.8376294902205564,1.380520538958198,85.0,2.0,6.0
-9.937552395606032,0.8765943759925549,0.4391683215368172,75.25525950382712,-0.2806318023588461,-34.67507727560766,-0.24692093369645848,0.8427244016766599,1.3415807506167112,85.0,2.0,6.0
-9.579804615762695,1.4230446170177495,-0.7621905170798542,74.44223400282206,-2.7065862880266542,-35.84251310996897,-0.08574263246242339,0.7240913929935072,1.137091807868165,85.0,2.0,6.0
-9.53915630796244,1.5128982756938154,-0.9240697323201854,73.95336177992213,-3.4740305934458786,-35.467417628096754,0.048181146071390346,0.5064652409551309,0.7855418963694615,85.0,2.0,6.0
-9.498508000162182,1.6027519343698813,-1.0859489475605169,73.46448955702218,-4.241474898865103,-35.09232214622454,0.18210492460520408,0.2888390889167547,0.43399198487075774,85.0,2.0,6.0
-9.728225786931905,4.526634199823848,-2.4516109009529576,73.43121978890633,-5.819416713792318,-33.62278620010031,0.4686549339689994,0.3264075612227233,0.5397724808297588,85.0,2.0,6.0
-9.758890009172323,4.563716538156944,-2.3888559551980095,73.68853675973129,-6.273486728745519,-33.14925958877261,0.34200960735473473,0.23761026851345352,0.33815894018052817,85.0,2.0,6.0
-9.789554231412746,4.60079887649004,-2.3261010094430614,73.94585373055625,-6.727556743698719,-32.67573297744492,0.21536428074047004,0.14881297580418368,0.13654539953129746,85.0,2.0,6.0
-10.144282800217129,3.789855314197428,-1.8669517235651727,74.069455726131,-6.663792277229375,-32.752028532304124,0.2633787388654378,0.008090825376397878,-0.20864314129649808,85.0,2.0,6.0
-10.187783257027087,3.041787992420765,-1.6358994393246606,73.47514923809443,-6.56751896942917,-32.57746964482259,0.10689170311423735,-0.02793758601196657,-0.22174437811670716,85.0,2.0,6.0
-10.231283713837044,2.293720670644101,-1.404847155084148,72.88084275005785,-6.471245661628964,-32.40291075734106,-0.049595332636963085,-0.06396599740033101,-0.23484561493691616,85.0,2.0,6.0
-10.274784170647129,1.545653348865312,-1.173794870842979,72.28653626201961,-6.374972353828484,-32.22835186985904,-0.20608236838860833,-0.09999440878879785,-0.24794685175716244,85.0,2.0,6.0
-10.23022692910476,3.1840751677942247,-1.7388919763364696,73.16283692912621,-6.5210366047079695,-32.64857608272461,0.03919876255506126,-0.1081087183972108,-0.31751798749476984,85.0,2.0,6.0
-10.069773876584154,2.5757802230315945,-1.5399302987853811,72.76756635264952,-6.455443152254416,-32.4705701775734,0.05957847036830567,-0.1292162704487358,-0.2501921761087227,85.0,2.0,6.0
-9.90932082406309,1.9674852782672356,-1.340968621233727,72.3722957761717,-6.389849699800676,-32.292564272421686,0.07995817818160798,-0.15032382250032078,-0.18286636472248413,85.0,2.0,6.0
-10.051661124874611,1.6561367079126876,-1.2123100329902303,72.69278300243319,-5.06902821041889,-32.582723906712765,-0.06048716164391105,-0.1018795270372818,-0.04935055602114244,85.0,2.0,6.0
-9.901191878964104,1.7281622740136964,-1.1452763654258995,72.90566613155286,-5.249305615203881,-32.79239420242791,0.017028507225037015,-0.14955348676929414,-0.14651807654412535,85.0,2.0,6.0
-9.750722633053597,1.8001878401147051,-1.0782426978615685,73.11854926067254,-5.429583019988875,-33.00206449814305,0.09454417609398505,-0.1972274465013064,-0.24368559706710824,85.0,2.0,6.0
-9.712873558899828,1.7580948216423344,-1.2258010648340387,74.61999334426123,-5.30981815038237,-32.48059038806722,0.22206318958634,-0.2301547411883421,-0.2652012767765953,85.0,2.0,6.0
-9.741398455998343,1.7138811165795085,-1.105283076629192,74.79124391646566,-5.212072588782728,-33.1885531108449,0.2952117787204898,-0.27127807893397116,-0.36637196922035087,85.0,2.0,6.0
-9.76992335309686,1.6696674115166823,-0.9847650884243456,74.9624944886701,-5.1143270271830845,-33.896515833622566,0.3683603678546396,-0.3124014166796003,-0.4675426616641066,85.0,2.0,6.0
-9.798448250195458,1.6254537064537307,-0.8642471002191566,75.13374506087504,-5.016581465583164,-34.60447855640226,0.4415089569889973,-0.35352475442534625,-0.5687133541081497,85.0,2.0,6.0
-9.778428912089854,1.6853912665680004,-0.8804506601490166,74.83430662583481,-4.868550895133422,-32.49290518269659,0.36957978812283054,-0.3885043703825013,-0.5842004465013536,85.0,2.0,6.0
-9.824068689273345,1.890057938320744,-0.9674518217242547,74.23443849991982,-4.780747350135333,-32.688157563067506,0.46347200003680766,-0.4925864397793792,-0.7221273874191969,85.0,2.0,6.0
-9.869708466456967,2.094724610074069,-1.0544529832997405,73.63457037400313,-4.692943805136993,-32.88340994343898,0.5573642119510517,-0.596668509176553,-0.8600543283374321,85.0,2.0,6.0
-9.990874587703663,0.996466621095488,-0.820509204685975,73.17345881439368,-2.0809807940592626,-35.20421358809833,0.14288192703498595,-0.5558211198463253,-0.8224188946606468,85.0,2.0,6.0
-10.00941597025484,0.7475862538166614,-0.8276404468419971,74.07425005889968,-1.5244937487716823,-35.78553007827114,0.4809667201254988,-0.6289697089804751,-0.8566276978374957,85.0,2.0,6.0
-10.027957352806068,0.4987058865371278,-0.8347716889980397,74.97504130340826,-0.9680067034825213,-36.3668465684456,0.8190515132169724,-0.7021182981148328,-0.8908365010144415,85.0,2.0,6.0
-10.046498735357247,0.24982551925830143,-0.8419029311540621,75.87583254791427,-0.41151965819494146,-36.948163058618405,1.157136306307485,-0.7752668872489825,-0.9250453041912906,85.0,2.0,6.0
-10.201250106191102,0.8669267166379562,-0.78806194648252,74.3302085497938,-0.3425741491726735,-36.510150085291585,1.6510766314098475,-1.0895244278928136,-1.1445138921654068,85.0,2.0,6.0
-10.108543759679346,0.02971884615531928,0.026326023487442504,74.56733451872668,0.8874076928672237,-36.988958640894175,1.7529751871653703,-1.1928786339779247,-1.1950992097770552,85.0,2.0,6.0
-10.015837413167324,-0.8074890243296973,0.8407139934597193,74.80446048766025,2.1173895349106164,-37.46776719649813,1.8548737429211823,-1.2962328400633296,-1.2456845273888473,85.0,2.0,6.0
-9.817033390535427,1.2288619824679154,-0.4212500700709297,74.8746706907996,2.7136464341015367,-38.5170810438804,0.5244418095898293,-1.446682306567222,-1.2493055761230942,85.0,2.0,6.0
-9.49684067202986,0.5164508649148525,0.5072377076381867,74.73589851787187,3.6973196823916576,-39.79883870379133,0.6943939923594502,-1.497631565371497,-1.3257294834029931,85.0,2.0,6.0
-9.176647953523382,-0.19596025264023528,1.435725485349942,74.59712634494375,4.6809929306845754,-41.08059636370593,0.8643461751295539,-1.5485808241759167,-1.4021533906831087,85.0,2.0,6.0
-9.924960885446536,0.9341974137377057,0.7426976607286631,76.0275494582931,2.697928769509011,-42.30550448828061,-0.7944034561074077,-1.2790338794476814,-1.0989011496608367,85.0,2.0,6.0
-9.559841218393647,0.2524505875664506,1.2005234358747308,75.42136484220477,4.32018325559152,-43.66621158056453,-0.4472206100383874,-1.276122506368861,-1.103632170886285,85.0,2.0,6.0
-9.194721551339718,-0.42929623860674176,1.6583492110221,74.81518022611473,5.942437741678639,-45.02691867285231,-0.10003776396838047,-1.2732111332900322,-1.1083631921117465,85.0,2.0,6.0
-8.829601884286827,-1.1110430647779967,2.1161749861681685,74.20899561002642,7.564692227761149,-46.38762576513624,0.2471450821006396,-1.2702997602112118,-1.1130942133371946,85.0,2.0,6.0
-8.928225351241151,-2.0977853553709407,2.55628524990398,73.76032077923821,5.647367293277998,-44.874919445186634,-0.10362784114071096,-1.2677887491868347,-1.2112967579353693,85.0,2.0,6.0
-8.84478998747146,-1.6492301719594296,2.3509054586438167,73.59382692471517,6.930237929266806,-45.73044015136504,-0.1352891727943671,-1.359497447459717,-1.3026415054788807,85.0,2.0,6.0
-8.761354623702001,-1.2006749885491927,2.145525667384238,73.4273330701926,8.213108565251966,-46.58596085754102,-0.1669505044479333,-1.4512061457323386,-1.3939862530221323,85.0,2.0,6.0
-7.917314686519198,-3.576451917852424,3.4768506638794348,73.41470911658281,9.488824305854493,-46.78210791336486,-0.7502868026262749,-1.407028519349865,-1.2678935255650294,85.0,2.0,6.0
-7.557186932307075,-4.0749258100653005,4.081580087403553,72.23637804663426,10.899684901560343,-48.764308841103066,-0.7095274013047849,-1.354259645181367,-1.2129410948398256,85.0,2.0,6.0
-7.197059178095977,-4.573399702276761,4.686309510925952,71.05804697668903,12.310545497262185,-50.74650976883564,-0.6687679999834107,-1.3014907710130192,-1.157988664114778,85.0,2.0,6.0
-7.659743458323762,-3.917861924971488,3.575278603789798,72.71708936740656,11.471698164397552,-49.89262536733751,-0.3699891913043252,-1.516945223158706,-1.4111833937680676,85.0,2.0,6.0
-7.423699375681705,-4.3564334352872764,4.221369225739289,70.93059095431717,13.128429579195679,-51.487145631012474,-0.40565368057365053,-1.3331639426407729,-1.2801710017237469,85.0,2.0,6.0
-7.1876552930403195,-4.79500494560182,4.867459847686944,69.14409254123287,14.785160993989091,-53.081665894682885,-0.4413181698428748,-1.149382662123362,-1.1491586096797988,85.0,2.0,6.0
-6.951611210398932,-5.233576455916362,5.513550469634598,67.35759412814855,16.441892408782508,-54.67618615835332,-0.476982659112099,-0.9656013816059509,-1.0181462176358504,85.0,2.0,6.0
-6.779081652126359,-5.185066091389128,5.540993859427712,67.55932865489234,15.478017869071296,-53.479502189326034,-0.43541895299275274,-0.9677475526055354,-1.0335181358433372,85.0,2.0,6.0
-6.74413849588392,-5.269927961201304,5.446148335593302,66.18480381358108,17.09456343181856,-54.14259674804313,-0.4183145609410228,-0.9670197004696371,-1.040068769750668,85.0,2.0,6.0
-6.709195339641582,-5.354789831013239,5.351302811759159,64.81027897227375,18.71110899456123,-54.80569130675836,-0.4012101688893416,-0.9662918483337412,-1.04661940365798,85.0,2.0,6.0
-5.823515178740902,-6.975638754090953,6.14333249084883,68.32624721324316,16.989516372055764,-55.561287651861214,0.4686417132361272,-0.9576442354848445,-1.0177089286539271,85.0,2.0,6.0
-5.712980844557949,-6.982056870183649,6.343007345127781,66.81375865733204,18.21758705076908,-55.57284517844968,0.34599953946880035,-0.9423594647576574,-1.0268070269319907,85.0,2.0,6.0
-5.6024465103753105,-6.988474986276325,6.542682199406164,65.30127010142522,19.445657729478892,-55.5844027050381,0.223357365701822,-0.9270746940305135,-1.035905125210028,85.0,2.0,6.0
-5.510147704904166,-5.466679085631362,6.415326317487436,62.602252302784144,20.270495567687583,-58.18284410490494,-0.2793024303244618,-0.5420600718535258,-0.6604697271980713,85.0,2.0,6.0
-5.505155805175382,-5.709141434569817,6.211372822461407,62.336647482532165,20.882631760010543,-58.073439827103215,-0.15957166212049506,-0.5293227654970711,-0.6473684951461964,85.0,2.0,6.0
-5.500163905446611,-5.9516037835075855,6.007419327435958,62.07104266228095,21.494767952331767,-57.9640355493018,-0.039840893916868625,-0.5165854591406527,-0.6342672630943591,85.0,2.0,6.0
-5.495172005717841,-6.194066132445354,5.803465832410509,61.805437842029725,22.106904144652983,-57.854631271500395,0.07988987428675785,-0.5038481527842342,-0.6211660310425217,85.0,2.0,6.0
-5.573013958339559,-7.084830245702772,6.20164252718927,61.37604799939631,21.69630248141433,-57.2742442218465,0.08601433721270799,-0.48159364521521886,-0.4970408161060322,85.0,2.0,6.0
-5.464618944530454,-6.640553741186574,5.980573992338397,60.717896601691834,22.20749564242461,-57.93956938664083,0.12095097747527996,-0.5001537328960186,-0.51014205650252,85.0,2.0,6.0
-5.356223930721349,-6.196277236670377,5.759505457487523,60.059745203987355,22.718688803434887,-58.60489455143514,0.15588761773785195,-0.5187138205768184,-0.5232432968990077,85.0,2.0,6.0
-5.291899545740532,-6.124675284657854,5.733946392987029,62.05519708713583,21.84126079342761,-58.040558139647466,0.26493193147261446,-0.6556474985609606,-0.6595383921294652,85.0,2.0,6.0
-4.991674306939904,-6.255890179906521,6.033458531354307,61.02119981845707,22.276917340974844,-58.37118569549527,0.23690983769967208,-0.6771189775000584,-0.6660890081554025,85.0,2.0,6.0
-4.691449068140127,-6.387105075154814,6.3329706697207335,59.98720254978126,22.712573888520833,-58.70181325134214,0.20888774392680945,-0.6985904564390953,-0.6726396241813213,85.0,2.0,6.0
-4.581791772010371,-5.995310335272915,6.2074434539818,58.253976425524975,23.6918161923476,-59.581824874456245,0.2532777424979552,-0.6855941314335141,-0.6771865974989811,85.0,2.0,6.0
-4.445585116507789,-6.090869112128569,6.405692088320563,58.09652985989663,23.273698287683708,-60.22462615924753,0.17139499866234773,-0.5731418151491171,-0.5683735214794837,85.0,2.0,6.0
-4.309378461005593,-6.1864278889839515,6.603940722658761,57.93908329426871,22.855580383021003,-60.86742744403698,0.08951225482697298,-0.4606894988650397,-0.4595604454602956,85.0,2.0,6.0
-4.173171805503396,-6.281986665839333,6.802189356996959,57.781636728640805,22.43746247835829,-61.510228728826434,0.007629510991598225,-0.3482371825809623,-0.35074736944110746,85.0,2.0,6.0
-4.242733033232888,-6.719704916933618,6.7661427705061765,56.996713371569335,22.994974645136693,-61.61155582361195,0.11305164109494947,-0.38280094219595057,-0.3718035014928888,85.0,2.0,6.0
-4.145035002761175,-6.734680616119929,6.782544686056394,56.98006944208784,23.14033901548263,-61.583342999744175,0.0908523203018178,-0.24960499836367436,-0.25825942838813365,85.0,2.0,6.0
-4.047336972289463,-6.749656315306241,6.798946601606611,56.96342551260634,23.28570338582857,-61.55513017587641,0.06865299950868614,-0.116409054531398,-0.14471535528337853,85.0,2.0,6.0
-4.047654549340908,-6.304974028196045,6.784820813855873,55.20235057079639,23.233408607873347,-61.153663262318126,-0.05679043858907856,-0.12697373512613883,-0.123406672280348,85.0,2.0,6.0
-4.022695192556111,-6.472558161344086,6.78838635506366,55.77722777569089,23.27826536122261,-61.48491383452241,-0.04004996627235184,-0.06729030731552416,-0.08264725665385923,85.0,2.0,6.0
-3.9977358357713135,-6.640142294492128,6.791951896271447,56.35210498058538,23.323122114571877,-61.8161644067267,-0.02330949395562512,-0.007606879504909486,-0.04188784102737041,85.0,2.0,6.0
-3.972776478986445,-6.807726427640644,6.795517437479244,56.92698218548152,23.367978867921263,-62.14741497893193,-0.006569021638850828,0.0520765483058748,-0.0011284254007657424,85.0,2.0,6.0
-3.9733362633052094,-6.7135131005090845,6.850855268663638,56.594000290697515,24.04757298020465,-61.77849982876168,0.09378256208583784,0.06408062403502529,0.015291601873799403,85.0,2.0,6.0
-3.964778822666676,-6.784112379912706,6.8658309678499485,56.969848412340234,24.12310844925976,-62.11320197719888,0.07595031745122575,0.06844770466389324,0.010924521840977903,85.0,2.0,6.0
-3.956221382028117,-6.854711659316529,6.880806667036303,57.34569653398403,24.19864391831508,-62.447904125637024,0.058118072816563,0.0728147852927736,0.006557441808143995,85.0,2.0,6.0
-3.890150119602184,-6.9168672810906155,6.995272452314156,55.55483685348085,24.068087100213862,-61.85692994533996,-0.04469958672793174,0.15703561655864723,0.1011328769801689,85.0,2.0,6.0
-3.900847027837724,-6.834144874703361,6.958189970929912,55.56040302012017,24.07655629081139,-61.487120947232384,0.00952499022209219,0.2156272732434694,0.15026252995711395,85.0,2.0,6.0
-3.9115439360732647,-6.751422468316107,6.921107489545669,55.565969186759496,24.08502548140892,-61.1173119491248,0.0637495671721161,0.27421892992829167,0.19939218293405905,85.0,2.0,6.0
-4.135547928575243,-6.4991201189607475,7.240463219761619,55.81616136795174,23.544122328495884,-62.12777349714237,-0.028958090877731865,0.530630598646206,0.3500311949666316,85.0,2.0,6.0
-4.248221449617011,-6.399282691821556,7.230479562163133,56.61505861526546,23.42563892815114,-61.929074080028286,-0.03696440372486203,0.5892222505626566,0.3624045923169317,85.0,2.0,6.0
-4.360894970658779,-6.299445264682364,7.220495904564646,57.41395586257919,23.3071555278064,-61.73037466291421,-0.04497071657199221,0.6478139024791072,0.3747779896672317,85.0,2.0,6.0
-4.473568491700866,-6.19960783754289,7.210512246966132,58.21285310989519,23.188672127461324,-61.53167524579957,-0.05297702941914513,0.7064055543957244,0.3871513870175669,85.0,2.0,6.0
-4.678432215495957,-6.085048473393748,6.781503213715848,58.49746318343942,21.99787116007226,-60.50407904552731,0.03438208681018903,0.7112883497452428,0.478983579929137,85.0,2.0,6.0
-4.747605274959396,-6.122130954777991,6.633886541200114,59.26029170516724,22.165881623786703,-60.43386076378145,0.0009011397925498128,0.8291994882796813,0.5925276530338921,85.0,2.0,6.0
-4.81677833442303,-6.15921343616234,6.48626986868396,60.023120226897234,22.33389208750163,-60.36364248203542,-0.03257980722518458,0.9471106268144552,0.70607172613897,85.0,2.0,6.0
-4.16979734560644,-8.435482770818979,7.685394894404605,58.11703786597863,23.02005007103049,-59.49864757779077,-0.28869035406821364,1.4641720862353402,1.2582511293078167,85.0,2.0,6.0
-4.693943692651861,-7.224597684760512,7.306725880427898,58.96865224586067,22.46970842674388,-59.19967987301809,-1.01471742315935,1.5285865206682647,1.3656085263871869,85.0,2.0,6.0
-5.218090039698772,-6.013712598698602,6.928056866450114,59.82026662574513,21.919366782455707,-58.90071216824457,-1.7407444922525503,1.5930009551013729,1.472965923466862,85.0,2.0,6.0
-4.976911841824074,-6.3420121817441455,6.9313778810035425,63.99202147159352,20.990573634860773,-56.55840703338877,-0.9276034229394104,1.5306614021421912,1.2075559438211096,85.0,2.0,6.0
-5.5887724985617995,-5.78363594578274,5.555761273338778,64.60302305850703,20.91970960593017,-55.62352757782322,-1.069169604122143,1.3774496749999967,1.2319387949448972,85.0,2.0,6.0
-6.200633155299523,-5.225259709821334,4.180144665674014,65.21402464542054,20.84884557699957,-54.68864812225766,-1.2107357853048757,1.224237947857802,1.256321646068685,85.0,2.0,6.0
-6.812493812038987,-4.66688347385834,2.8045280580053396,65.82502623233579,20.777981548068773,-53.753768666689446,-1.3523019664880107,1.071026220715172,1.2807044971925419,85.0,2.0,6.0
-6.6450801814504885,-7.353155484410579,5.080206465576035,68.76659067084351,19.3277380716852,-50.66799538607072,-1.2398023542860523,1.1907765294129276,1.296425589154878,85.0,2.0,6.0
-6.853312469810896,-6.1879105045532405,4.143161177490949,68.86094264914543,18.6178551828919,-50.06943467134959,-1.0076192602616054,1.0805077839906647,1.208720100950002,85.0,2.0,6.0
-7.0615447581718955,-5.0226655246925915,3.206115889403201,68.95529462744761,17.907972294096584,-49.470873956626754,-0.7754361662364986,0.9702390385680884,1.1210146127448763,85.0,2.0,6.0
-7.10654205547569,-5.03773984709534,2.8145494602257863,67.9912536193088,18.81882323834621,-50.533707752556246,-0.4978538828979682,0.6717092278073412,0.8774561803263293,85.0,2.0,6.0
-7.145763862001839,-4.669054582508273,2.6626539943750944,69.08080340873651,18.12631583783415,-48.780256214471905,-0.5298791295181173,0.6567883827756165,0.9116649835031779,85.0,2.0,6.0
-7.184985668528099,-4.300369317920159,2.510758528523971,70.17035319816732,17.433808437320113,-47.026804676382575,-0.5619043761383574,0.6418675377438494,0.945873786680124,85.0,2.0,6.0
-7.876343877291795,-5.883398863508036,3.2958371710138605,71.7001755322172,17.167168227786224,-46.045421643294574,-0.2620692096746444,0.7155710546643231,1.1882348588180411,85.0,2.0,6.0
-7.962631823992768,-5.545378042890668,3.173179786141536,71.53165347945247,16.902884456271572,-46.290201096571934,-0.29627800331475,0.8007291166454468,1.3687408402631895,85.0,2.0,6.0
-8.048919770693985,-5.207357222272339,3.0505224012688616,71.36313142668725,16.638600684756167,-46.53498054985,-0.3304867969549528,0.8858871786268124,1.549246821708851,85.0,2.0,6.0
-8.135207717394957,-4.869336401654969,2.9278650163965367,71.19460937392249,16.374316913241515,-46.779760003127365,-0.3646955905950584,0.9710452406079365,1.7297528031539993,85.0,2.0,6.0
-8.179228979832313,-4.749528345188238,2.501394378997816,73.15243084326859,13.690641769223184,-42.706208146648144,-0.44227708742454713,1.1070731849612483,1.8372445271620603,85.0,2.0,6.0
-8.43666674304692,-3.72548194320872,1.7262282870773724,73.71698292151677,12.346412643244022,-41.84379115445898,-0.37313164636911567,1.1143516708554655,1.7844756529935624,85.0,2.0,6.0
-8.694104506260798,-2.701435541232112,0.9510621951591322,74.28153499976331,11.002183517268683,-40.98137416227225,-0.30398620531388065,1.121630156749662,1.7317067788252145,85.0,2.0,6.0
-8.5285351404057,-3.835972580296551,2.319262067880018,74.3506897684887,12.695842072725812,-43.23934317682695,0.007714094295686563,0.7431897267161448,1.2831284553288085,85.0,2.0,6.0
-8.85015405977888,-2.8468692630338968,1.5483747692945442,74.79943011730549,10.65547143673554,-42.521441870673215,0.06703359521895795,0.6223671730812678,1.116087630438349,85.0,2.0,6.0
-9.171772979151145,-1.8577659457740547,0.777487470711261,75.24817046612101,8.61510080075107,-41.803540564521526,0.12635309614206072,0.5015446194467341,0.949046805548364,85.0,2.0,6.0
-9.025278761673263,-1.6865881046574112,0.26947404458162777,74.86129310145196,8.226377121586046,-40.2599036522308,0.08444931377600745,0.6531051376542961,1.1478478357681823,84.9987517052537,2.0,6.0
-9.284738142776543,-1.4905680736822475,0.2929964525901818,75.15726583018095,7.31968965210445,-40.610480930367686,0.06808020700646056,0.5723508766375238,1.0507244512925626,84.9788838821298,2.0,6.0
-9.54419752388056,-1.294548042706527,0.31651886059880274,75.45323855891077,6.413002182620274,-40.96105820850557,0.05171110023686716,0.4915966156205221,0.953601066816667,84.95901605900579,2.0,6.0
-9.803656904983841,-1.0985280117313632,0.3400412686073568,75.74921128763974,5.506314713138677,-41.31163548664246,0.03534199346732028,0.41084235460374974,0.856477682341047,84.93914823588189,2.0,6.0
-10.269291310507633,-1.5944203313211556,0.49409347658456026,75.46574099276319,5.020701476749322,-40.43759344812408,0.2129691932151028,0.40277662931276575,0.8290361843845918,84.91928041275798,2.0,6.0
-10.166601453024523,-1.7548732694012998,0.41778917436883656,74.94085242006929,4.710524131472843,-39.05332785363899,0.1219883582539894,0.3973177826244847,0.896362010075945,84.89941258963401,2.0,6.0
-10.063911595541704,-1.915326207480988,0.34148487215332973,74.41596384737691,4.400346786197246,-37.66906225915783,0.031007523293134664,0.3918589359362191,0.963687835767107,84.8795447665101,2.0,6.0
-10.415479073106336,-1.4585703908556489,0.4311821469726105,75.94959387752203,4.08441137569516,-38.848942191251766,0.173926739943395,0.4052644614747675,1.1282147557405102,84.85967694338618,2.0,6.0
-10.127376808701483,-1.1961406766522609,0.3028197774350089,75.84770211192735,3.4094431902690503,-38.06892403329128,0.16846788908278873,0.3874322168401048,1.138404614415533,84.8398091202622,2.0,6.0
-9.839274544297448,-0.9337109624496189,0.17445740789777214,75.74581034633296,2.7344750048448594,-37.28890587533299,0.163009038222198,0.36959997220549273,1.1485944730905269,84.8199412971383,2.0,6.0
-9.551172279893414,-0.6712812482469764,0.04609503836053536,75.64391858073857,2.0595068194206685,-36.50888771737472,0.15755018736160725,0.35176772757088054,1.1587843317655206,84.80007347401438,2.0,6.0
-9.38578879104802,0.1987748806320679,0.38897420150251505,74.36925084599801,-0.17617132794388923,-38.31427406751196,0.15764780802084544,0.43421154711556126,1.1541442187051552,84.7802056508904,2.0,6.0
-9.370099841224654,0.3913184254011799,0.3975316957852297,74.17857326039639,-0.13278797280324267,-37.76300529920192,0.0939612225945728,0.4778823492319156,1.1690650637368802,84.76033782776649,2.0,6.0
-9.354410891401288,0.5838619701702918,0.4060891900679444,73.98789567479477,-0.08940461766259608,-37.21173653089186,0.030274637168300145,0.52155315134827,1.1839859087686049,84.74047000464259,2.0,6.0
-9.283023358489123,0.6763631195334046,0.3293435477031188,75.13991214910483,-3.6670720590968178,-36.0843192290476,0.02571008121749113,0.4993578641098701,1.1872114368449056,84.72060218151867,2.0,6.0
-9.303704064990175,0.8696197838099011,0.20454680430993327,75.36393215337772,-3.8304122080229144,-35.55436470023797,-0.17080853069084767,0.5717786042375737,1.2945688339245809,84.70073435839468,2.0,6.0
-9.324384771491161,1.0628764480858484,0.07975006091710246,75.58795215764998,-3.9937523569485474,-35.024410171429864,-0.3673271425986279,0.6441993443650711,1.401926231003951,84.68086653527078,2.0,6.0
-9.316598331227263,1.2721017407437616,0.13213237946870912,74.81763386321069,-3.8923796995583175,-36.1840433441082,-0.3260870682914635,0.6523856746121158,1.2980712801237548,84.66099871214686,2.0,6.0
-9.304475206627783,2.026587138084087,-0.31214404875480567,74.18801586699365,-5.0525343473877085,-35.3423175750636,-0.2274638402181528,0.6320059572620704,1.1950809675472616,84.64113088902289,2.0,6.0
-9.292352082028335,2.781072535422268,-0.7564204769770579,73.55839787077838,-6.212688995213801,-34.5005918060214,-0.12884061214512235,0.6116262399120828,1.0920906549710612,84.62126306589897,2.0,6.0
-9.280228957428891,3.5355579327604487,-1.20069690519931,72.92877987456313,-7.372843643039895,-33.6588660369792,-0.03021738407209196,0.5912465225620952,0.9891003423948611,84.60139524277507,2.0,6.0
-9.441508069282712,4.697418776982732,-2.1378689797492774,73.87213016074277,-6.479119832244608,-35.07562494615394,0.2486009547609432,0.1715189120690699,0.06354750457092598,84.58152741965112,2.0,6.0
-9.49499260926832,4.767304946416262,-2.2163125928015734,73.72865130942456,-6.705290810790545,-33.65625254014937,0.30064198945938214,0.05906660532173567,-0.14279704270061488,84.56165959652718,2.0,6.0
-9.548477149253928,4.837191115849793,-2.294756205853871,73.5851724581063,-6.931461789336481,-32.2368801341448,0.35268302415782116,-0.05338570142559856,-0.34914158997215566,84.54179177340326,2.0,6.0
-10.160914852140108,4.028828753145669,-1.5853672134539951,72.67227684656073,-7.227670955848429,-32.32942195724235,0.3639241329356528,0.027407950551509914,-0.1989493494361238,84.5219239502793,2.0,6.0
-10.258612949369024,3.447632387789753,-1.3414787208699883,73.43510536828856,-7.059660492133983,-32.259201400983265,0.26602875863764613,-0.06320896229020453,-0.3499775343267335,84.5020561271554,2.0,6.0
-10.35631104659794,2.8664360224338363,-1.097590228285982,74.19793389001637,-6.891650028419536,-32.18898084472417,0.16813338433963948,-0.153825875131919,-0.5010057192173432,84.48218830403148,2.0,6.0
-10.471078220922527,3.4293546523106286,-1.3364474415140004,74.68629100248283,-7.130520035790669,-33.48757142236642,-0.17363138457000463,-0.20854110503922388,-0.505213743702752,84.46232048090751,2.0,6.0
-10.427577764112568,2.8716914595621126,-1.199527571137538,74.01984713956838,-6.461259018945574,-33.56997251680299,-0.14670105953874862,-0.21290818686018473,-0.44771384860697905,84.44245265778359,2.0,6.0
-10.384077307302611,2.3140282668135965,-1.0626077007610757,73.35340327665395,-5.791998002100479,-33.65237361123956,-0.1197707345074926,-0.2172752686811456,-0.3902139535112061,84.42258483465967,2.0,6.0
-10.34057685049253,1.756365074063495,-0.925687830384224,72.68695941373765,-5.122736985253482,-33.734774705676365,-0.09284040947616003,-0.22164235050211883,-0.33271405841526974,84.40271701153571,2.0,6.0
-9.924501346328052,1.2837832919221772,-0.7999536322504455,73.21813523761398,-6.191111042867953,-33.80656132651308,-0.005706559569478631,-0.2372441204536651,-0.4205721547875352,84.3828491884118,2.0,6.0
-9.759769653060381,1.285209543899858,-0.8063717483431216,72.96083192340524,-5.737043278586138,-34.28009018851216,0.10092297419812456,-0.23906373745686593,-0.49335681703417306,84.3629813652879,2.0,6.0
-9.595037959792709,1.2866357958775387,-0.8127898644357978,72.70352860919648,-5.282975514304326,-34.75361905051124,0.20755250796572777,-0.24088335446006673,-0.5661414792808109,84.34311354216396,2.0,6.0
-9.5234359103889,1.266663217784942,-0.4803997470752911,74.01992817758634,-5.323878262629651,-34.877086996584914,0.030202453868034565,-0.26229775391023863,-0.48766533229079745,84.32324571904,2.0,6.0
-9.646093371555171,1.0890952780268028,-0.39910357970170773,74.12187906145162,-4.478136990657764,-34.51945626690995,0.11863582445816408,-0.27867430291573214,-0.6161302695007637,84.30337789591609,2.0,6.0
-9.768750832721441,0.9115273382686637,-0.3178074123281245,74.22382994531687,-3.632395718685877,-34.16182553723498,0.20706919504829363,-0.29505085192122565,-0.7445952067107298,84.28351007279215,2.0,6.0
-9.614717454624438,1.5869966485928169,-0.6350299815214323,76.19126172924518,-2.709175865183432,-35.634219426831585,0.07494024813333386,-0.3549397939264192,-0.8361737175736907,84.2636422496682,2.0,6.0
-9.72739110918061,1.259672582431005,-0.5466025618590371,75.93673240566754,-2.2508721084699808,-35.92284380885037,0.1422660642877526,-0.37641127286545606,-0.8503667279038781,84.24377442654429,2.0,6.0
-9.840064763736782,0.9323485162691935,-0.458175142196642,75.68220308208988,-1.7925683517565307,-36.21146819086914,0.20959188044217136,-0.3978827518044929,-0.8645597382340654,84.22390660342037,2.0,6.0
-9.952738418293277,0.6050244501064515,-0.36974772253399546,75.42767375851153,-1.334264595041778,-36.50009257288875,0.27691769659678145,-0.4193542307435908,-0.878752748564293,84.2040387802964,2.0,6.0
-10.08327102937703,0.4914059469189428,-0.4960226949768788,75.01339846191652,-0.9617243439998449,-35.72569284438939,0.27997614555153344,-0.4476344882139521,-0.8687515708847235,84.1841709571725,2.0,6.0
-10.071147904777584,0.23111559123680647,-0.3947590478975031,75.3032438522361,-0.16360132764314894,-36.104235363004776,0.3294697206476188,-0.4669224189409396,-0.8847641941947982,84.16430313404858,2.0,6.0
-10.059024780178104,-0.0291747644460697,-0.2934954008178396,75.59308924255647,0.6345216887158154,-36.48277788162123,0.3789632957438448,-0.48621034966798177,-0.9007768175049182,84.1444353109246,2.0,6.0
-9.892831237081856,-0.6549361118115887,0.29785926037919436,75.25125130944998,0.4416607224336693,-37.25171851349809,0.3442978620213873,-0.5736641049902369,-0.7979510029492165,84.12456748780069,2.0,6.0
-9.85146982407988,-0.6642067321576496,0.3927047937500798,75.36979155832071,0.9712651001797696,-38.05994727326298,0.3912439679783759,-0.5758476436655431,-0.824153483742192,84.10469966467677,2.0,6.0
-9.810108411077902,-0.6734773525037105,0.4875503271209652,75.48833180719146,1.50086947792587,-38.86817603302786,0.4381900739353644,-0.5780311823408494,-0.8503559645351674,84.08483184155288,2.0,6.0
-9.823538427640138,-1.0309767003949053,0.5160316820667021,74.95263521412656,2.168034599904835,-37.75024734369965,0.5196636580077063,-0.5708071138978441,-0.7942953670610488,84.0649640184289,2.0,6.0
-9.779324579526163,-1.2228071447306683,0.5623847647235204,74.90270342568206,2.604127129201313,-37.66560887209633,0.6561349009122452,-0.6057437493920445,-0.8437889421571341,84.04509619530499,2.0,6.0
-9.73511073141219,-1.4146375890664311,0.6087378473803384,74.85277163723761,3.040219658497792,-37.580970400493015,0.7926061438167843,-0.6406803848862449,-0.8932825172532195,84.02522837218106,2.0,6.0
-9.690896883298093,-1.6064680334027397,0.6550909300372885,74.80283984879301,3.4763121877955094,-37.49633192888945,0.929077386721711,-0.6756170203805446,-0.9427760923494457,84.0053605490571,2.0,6.0
-9.756815600650306,-0.5466655762402617,0.7333802861615792,75.46706473155328,3.0342064905327986,-39.941282210609735,0.3888636871519108,-0.6526740534722715,-0.9298285153294001,84.0,2.0,6.0
-9.656978173511117,-0.9053670914376892,1.0528599423807707,75.28949311061228,4.470910744681881,-40.39877881552875,0.41470225297830327,-0.7454745085655708,-0.9724075653934483,84.0,2.0,6.0
-9.557140746371639,-1.2640686066361364,1.3723395986008708,75.11192148967076,5.90761499883505,-40.856275420449066,0.4405408188047693,-0.8382749636591341,-1.0149866154576177,84.0,2.0,6.0
-9.704553343603235,-1.2727452677404945,0.6648483467369596,74.29944699458947,5.773270401287827,-42.343950896122074,0.26445946019798866,-0.7824466600166391,-0.8965555288835768,84.0,2.0,6.0
-9.600436980077939,-1.5594212359103998,1.1618959236408044,73.78761433772958,6.685640777873911,-43.106101851321576,0.3445225839009188,-0.7751681920038358,-0.8907327648445424,84.0,2.0,6.0
-9.49632061655235,-1.84609720408112,1.6589435005460615,73.27578168086822,7.598011154462589,-43.868252806523245,0.4245857076040764,-0.767889723991012,-0.8849100008054915,84.0,2.0,6.0
-9.55515122914929,-2.08025246732481,1.8158705877575176,75.10642671501367,5.847269658136567,-41.35350471976572,0.6390006824595668,-0.7512865186789875,-0.9457900532226016,84.0,2.0,6.0
-9.46315827870992,-2.496717044045623,2.0483490537912417,74.78805017387626,6.720491551446321,-42.48201538565825,0.6575607701403665,-0.7669352151015503,-0.9163122709731778,84.0,2.0,6.0
-9.37116532827029,-2.9131816207676198,2.2808275198256265,74.46967363273795,7.593713444758554,-43.61052605155398,0.676120857821219,-0.7825839115241574,-0.8868344887236701,84.0,2.0,6.0
-9.27917237783092,-3.329646197488432,2.513305985859351,74.15129709160054,8.466935338068307,-44.73903671744652,0.6946809455020188,-0.7982326079467201,-0.8573567064742462,84.0,2.0,6.0
-9.226826254367348,-3.092362804320176,2.4819483037033456,73.57039026791038,9.729646264772002,-43.45596494922157,0.38484035445835135,-0.9135809755071971,-0.8918470061711019,84.0,2.0,6.0
-9.010749632357655,-3.580139865783521,2.7351074070973898,72.88446939998913,10.36926426098906,-44.832708876226185,0.186502131954306,-0.9212233698114877,-0.8649166716030261,84.0,2.0,6.0
-8.794673010348577,-4.067916927245479,2.988266510490714,72.19854853206982,11.0088822572043,-46.20945280322689,-0.01183609054917578,-0.928865764115756,-0.837986337035027,84.0,2.0,6.0
-8.751399621337768,-2.956543501779608,2.9385027474684566,72.3645062320098,11.461806282321154,-44.55349183891919,0.3128690713250667,-1.031166521064234,-0.919890419524318,84.0,2.0,6.0
-8.374156846374731,-3.2945643986909214,3.4041728753366853,72.12378771470657,11.599737161913923,-46.19288240288254,0.1672997372950477,-1.1239669761575335,-0.9686561408453795,84.0,2.0,6.0
-7.996914071410623,-3.632585295603196,3.8698430032062374,71.88306919740263,11.737668041507087,-47.83227296685055,0.021730403264615002,-1.2167674312510963,-1.0174218621665798,84.0,2.0,6.0
-7.619671296447587,-3.97060619251451,4.335513131074467,71.64235068009937,11.875598921099856,-49.47166353081391,-0.12383893076540396,-1.309567886344396,-1.0661875834876415,84.0,2.0,6.0
-8.246679462008009,-3.3477954323698493,3.374966848807152,69.4003090375692,13.88863834354496,-51.1067022193932,0.8389738909428028,-1.342528508361042,-1.244134691622794,84.0,2.0,6.0
-7.878707240632785,-3.737161277097164,3.981122473197973,69.36702117860612,14.17936708423766,-51.05027657165749,0.8262365845863482,-1.3418006562251439,-1.2132012065916062,84.0,2.0,6.0
-7.510735019258609,-4.126527121823373,4.5872780975870695,69.33373331964313,14.470095824929537,-50.99385092392195,0.8134992782299297,-1.341072804089248,-1.1822677215605066,84.0,2.0,6.0
-7.461104903384402,-5.000801545807601,4.836173010828117,68.85433889402154,14.986193625336186,-54.836679542373645,0.5214113176525996,-1.2325492578597976,-1.1027350520165282,84.0,2.0,6.0
-7.085288481874887,-5.316715604493515,5.236948805811801,68.16846807492841,15.796584174043806,-55.07577231199692,0.34163318044522106,-1.1331982046216904,-0.9618967246084192,84.0,2.0,6.0
